v 0.000000 0.010000 0.020000 
v 0.030000 0.040000 0.050000 
v 0.060000 0.070000 0.080000 
v 0.090000 0.100000 0.110000 
v 0.120000 0.130000 0.140000 
v 0.150000 0.160000 0.170000 
v 0.180000 0.190000 0.200000 
v 0.210000 0.220000 0.230000 
v 0.240000 0.250000 0.260000 
v 0.270000 0.280000 0.290000 
v 0.300000 0.310000 0.320000 
v 0.330000 0.340000 0.350000 
v 0.360000 0.370000 0.380000 
v 0.390000 0.400000 0.410000 
v 0.420000 0.430000 0.440000 
v 0.450000 0.460000 0.470000 
v 0.480000 0.490000 0.500000 
v 0.510000 0.520000 0.530000 
v 0.540000 0.550000 0.560000 
v 0.570000 0.580000 0.590000 
v 0.600000 0.610000 0.620000 
v 0.630000 0.640000 0.650000 
v 0.670000 0.680000 0.690000 
v 0.700000 0.710000 0.720000 
v 0.730000 0.740000 0.750000 
v 0.760000 0.770000 0.780000 
v 0.790000 0.800000 0.810000 
v 0.820000 0.830000 0.840000 
v 0.850000 0.860000 0.870000 
v 0.880000 0.890000 0.900000 
v 0.910000 0.920000 0.930000 
v 0.940000 0.950000 0.960000 
v 0.970000 0.980000 0.990000 
v 1.000000 1.010000 1.020000 
v 1.030000 1.040000 1.050000 
v 1.060000 1.070000 1.080000 
v 1.090000 1.100000 1.110000 
v 1.120000 1.130000 1.140000 
v 1.150000 1.160000 1.170000 
v 1.180000 1.190000 1.200000 
v 1.210000 1.220000 1.230000 
v 1.240000 1.250000 1.260000 
v 1.270000 1.280000 1.290000 
v 1.300000 1.310000 1.320000 
v 1.340000 1.350000 1.360000 
v 1.370000 1.380000 1.390000 
v 1.400000 1.410000 1.420000 
v 1.430000 1.440000 1.450000 
v 1.460000 1.470000 1.480000 
v 1.490000 1.500000 1.510000 
v 1.520000 1.530000 1.540000 
v 1.550000 1.560000 1.570000 
v 1.580000 1.590000 1.600000 
v 1.610000 1.620000 1.630000 
v 1.640000 1.650000 1.660000 
v 1.670000 1.680000 1.690000 
v 1.700000 1.710000 1.720000 
v 1.730000 1.740000 1.750000 
v 1.760000 1.770000 1.780000 
v 1.790000 1.800000 1.810000 
v 1.820000 1.830000 1.840000 
v 1.850000 1.860000 1.870000 
v 1.880000 1.890000 1.900000 
v 1.910000 1.920000 1.930000 
v 1.940000 1.950000 1.960000 
v 1.970000 1.980000 1.990000 
v 2.010000 2.020000 2.030000 
v 2.040000 2.050000 2.060000 
v 2.070000 2.080000 2.090000 
v 2.100000 2.110000 2.120000 
v 2.130000 2.140000 2.150000 
v 2.160000 2.170000 2.180000 
v 2.190000 2.200000 2.210000 
v 2.220000 2.230000 2.240000 
v 2.250000 2.260000 2.270000 
v 2.280000 2.290000 2.300000 
v 2.310000 2.320000 2.330000 
v 2.340000 2.350000 2.360000 
v 2.370000 2.380000 2.390000 
v 2.400000 2.410000 2.420000 
v 2.430000 2.440000 2.450000 
v 2.460000 2.470000 2.480000 
v 2.490000 2.500000 2.510000 
v 2.520000 2.530000 2.540000 
v 2.550000 2.560000 2.570000 
v 2.580000 2.590000 2.600000 
v 2.610000 2.620000 2.630000 
v 2.640000 2.650000 2.660000 
v 2.680000 2.690000 2.700000 
v 2.710000 2.720000 2.730000 
v 2.740000 2.750000 2.760000 
v 2.770000 2.780000 2.790000 
v 2.800000 2.810000 2.820000 
v 2.830000 2.840000 2.850000 
v 2.860000 2.870000 2.880000 
v 2.890000 2.900000 2.910000 
v 2.920000 2.930000 2.940000 
v 2.950000 2.960000 2.970000 
v 2.980000 2.990000 3.000000 
v 3.010000 3.020000 3.030000 
v 3.040000 3.050000 3.060000 
v 3.070000 3.080000 3.090000 
v 3.100000 3.110000 3.120000 
v 3.130000 3.140000 3.150000 
v 3.160000 3.170000 3.180000 
v 3.190000 3.200000 3.210000 
v 3.220000 3.230000 3.240000 
v 3.250000 3.260000 3.270000 
v 3.280000 3.290000 3.300000 
v 3.310000 3.320000 3.330000 
v 3.350000 3.360000 3.370000 
v 3.380000 3.390000 3.400000 
v 3.410000 3.420000 3.430000 
v 3.440000 3.450000 3.460000 
v 3.470000 3.480000 3.490000 
v 3.500000 3.510000 3.520000 
v 3.530000 3.540000 3.550000 
v 3.560000 3.570000 3.580000 
v 3.590000 3.600000 3.610000 
v 3.620000 3.630000 3.640000 
v 3.650000 3.660000 3.670000 
v 3.680000 3.690000 3.700000 
v 3.710000 3.720000 3.730000 
v 3.740000 3.750000 3.760000 
v 3.770000 3.780000 3.790000 
v 3.800000 3.810000 3.820000 
v 3.830000 3.840000 3.850000 
v 3.860000 3.870000 3.880000 
v 3.890000 3.900000 3.910000 
v 3.920000 3.930000 3.940000 
v 3.950000 3.960000 3.970000 
v 3.980000 3.990000 4.000000 
v 4.020000 4.030000 4.040000 
v 4.050000 4.060000 4.070000 
v 4.080000 4.090000 4.100000 
v 4.110000 4.120000 4.130000 
v 4.140000 4.150000 4.160000 
v 4.170000 4.180000 4.190000 
v 4.200000 4.210000 4.220000 
v 4.230000 4.240000 4.250000 
v 4.260000 4.270000 4.280000 
v 4.290000 4.300000 4.310000 
v 4.320000 4.330000 4.340000 
v 4.350000 4.360000 4.370000 
v 4.380000 4.390000 4.400000 
v 4.410000 4.420000 4.430000 
v 4.440000 4.450000 4.460000 
v 4.470000 4.480000 4.490000 
v 4.500000 4.510000 4.520000 
v 4.530000 4.540000 4.550000 
v 4.560000 4.570000 4.580000 
v 4.590000 4.600000 4.610000 
v 4.620000 4.630000 4.640000 
v 4.650000 4.660000 4.670000 
v 4.690000 4.700000 4.710000 
v 4.720000 4.730000 4.740000 
v 4.750000 4.760000 4.770000 
v 4.780000 4.790000 4.800000 
v 4.810000 4.820000 4.830000 
v 4.840000 4.850000 4.860000 
v 4.870000 4.880000 4.890000 
v 4.900000 4.910000 4.920000 
v 4.930000 4.940000 4.950000 
v 4.960000 4.970000 4.980000 
v 4.990000 5.000000 5.010000 
v 5.020000 5.030000 5.040000 
v 5.050000 5.060000 5.070000 
v 5.080000 5.090000 5.100000 
v 5.110000 5.120000 5.130000 
v 5.140000 5.150000 5.160000 
v 5.170000 5.180000 5.190000 
v 5.200000 5.210000 5.220000 
v 5.230000 5.240000 5.250000 
v 5.260000 5.270000 5.280000 
v 5.290000 5.300000 5.310000 
v 5.320000 5.330000 5.340000 
v 5.360000 5.370000 5.380000 
v 5.390000 5.400000 5.410000 
v 5.420000 5.430000 5.440000 
v 5.450000 5.460000 5.470000 
v 5.480000 5.490000 5.500000 
v 5.510000 5.520000 5.530000 
v 5.540000 5.550000 5.560000 
v 5.570000 5.580000 5.590000 
v 5.600000 5.610000 5.620000 
v 5.630000 5.640000 5.650000 
v 5.660000 5.670000 5.680000 
v 5.690000 5.700000 5.710000 
v 5.720000 5.730000 5.740000 
v 5.750000 5.760000 5.770000 
v 5.780000 5.790000 5.800000 
v 5.810000 5.820000 5.830000 
v 5.840000 5.850000 5.860000 
v 5.870000 5.880000 5.890000 
v 5.900000 5.910000 5.920000 
v 5.930000 5.940000 5.950000 
v 5.960000 5.970000 5.980000 
v 5.990000 6.000000 6.010000 
v 6.030000 6.040000 6.050000 
v 6.060000 6.070000 6.080000 
v 6.090000 6.100000 6.110000 
v 6.120000 6.130000 6.140000 
v 6.150000 6.160000 6.170000 
v 6.180000 6.190000 6.200000 
v 6.210000 6.220000 6.230000 
v 6.240000 6.250000 6.260000 
v 6.270000 6.280000 6.290000 
v 6.300000 6.310000 6.320000 
v 6.330000 6.340000 6.350000 
v 6.360000 6.370000 6.380000 
v 6.390000 6.400000 6.410000 
v 6.420000 6.430000 6.440000 
v 6.450000 6.460000 6.470000 
v 6.480000 6.490000 6.500000 
v 6.510000 6.520000 6.530000 
v 6.540000 6.550000 6.560000 
v 6.570000 6.580000 6.590000 
v 6.600000 6.610000 6.620000 
v 6.630000 6.640000 6.650000 
v 6.660000 6.670000 6.680000 
v 6.700000 6.710000 6.720000 
v 6.730000 6.740000 6.750000 
v 6.760000 6.770000 6.780000 
v 6.790000 6.800000 6.810000 
v 6.820000 6.830000 6.840000 
v 6.850000 6.860000 6.870000 
v 6.880000 6.890000 6.900000 
v 6.910000 6.920000 6.930000 
v 6.940000 6.950000 6.960000 
v 6.970000 6.980000 6.990000 
v 7.000000 7.010000 7.020000 
v 7.030000 7.040000 7.050000 
v 7.060000 7.070000 7.080000 
v 7.090000 7.100000 7.110000 
v 7.120000 7.130000 7.140000 
v 7.150000 7.160000 7.170000 
v 7.180000 7.190000 7.200000 
v 7.210000 7.220000 7.230000 
v 7.240000 7.250000 7.260000 
v 7.270000 7.280000 7.290000 
v 7.300000 7.310000 7.320000 
v 7.330000 7.340000 7.350000 
v 7.370000 7.380000 7.390000 
v 7.400000 7.410000 7.420000 
v 7.430000 7.440000 7.450000 
v 7.460000 7.470000 7.480000 
v 7.490000 7.500000 7.510000 
v 7.520000 7.530000 7.540000 
v 7.550000 7.560000 7.570000 
v 7.580000 7.590000 7.600000 
v 7.610000 7.620000 7.630000 
v 7.640000 7.650000 7.660000 
v 7.670000 7.680000 7.690000 
v 7.700000 7.710000 7.720000 
v 7.730000 7.740000 7.750000 
v 7.760000 7.770000 7.780000 
v 7.790000 7.800000 7.810000 
v 7.820000 7.830000 7.840000 
v 7.850000 7.860000 7.870000 
v 7.880000 7.890000 7.900000 
v 7.910000 7.920000 7.930000 
v 7.940000 7.950000 7.960000 
v 7.970000 7.980000 7.990000 
v 8.000000 8.010000 8.020000 
v 8.040000 8.050000 8.060000 
v 8.070000 8.080000 8.090000 
v 8.100000 8.110000 8.120000 
v 8.130000 8.140000 8.150000 
v 8.160000 8.170000 8.180000 
v 8.190000 8.200000 8.210000 
v 8.220000 8.230000 8.240000 
v 8.250000 8.260000 8.270000 
v 8.280000 8.290000 8.300000 
v 8.310000 8.320000 8.330000 
v 8.340000 8.350000 8.360000 
v 8.370000 8.380000 8.390000 
v 8.400000 8.410000 8.420000 
v 8.430000 8.440000 8.450000 
v 8.460000 8.470000 8.480000 
v 8.490000 8.500000 8.510000 
v 8.520000 8.530000 8.540000 
v 8.550000 8.560000 8.570000 
v 8.580000 8.590000 8.600000 
v 8.610000 8.620000 8.630000 
v 8.640000 8.650000 8.660000 
v 8.670000 8.680000 8.690000 
v 8.710000 8.720000 8.730000 
v 8.740000 8.750000 8.760000 
v 8.770000 8.780000 8.790000 
v 8.800000 8.810000 8.820000 
v 8.830000 8.840000 8.850000 
v 8.860000 8.870000 8.880000 
v 8.890000 8.900000 8.910000 
v 8.920000 8.930000 8.940000 
v 8.950000 8.960000 8.970000 
v 8.980000 8.990000 9.000000 
v 9.010000 9.020000 9.030000 
v 9.040000 9.050000 9.060000 
v 9.070000 9.080000 9.090000 
v 9.100000 9.110000 9.120000 
v 9.130000 9.140000 9.150000 
v 9.160000 9.170000 9.180000 
v 9.190000 9.200000 9.210000 
v 9.220000 9.230000 9.240000 
v 9.250000 9.260000 9.270000 
v 9.280000 9.290000 9.300000 
v 9.310000 9.320000 9.330000 
v 9.340000 9.350000 9.360000 
v 9.380000 9.390000 9.400000 
v 9.410000 9.420000 9.430000 
v 9.440000 9.450000 9.460000 
v 9.470000 9.480000 9.490000 
v 9.500000 9.510000 9.520000 
v 9.530000 9.540000 9.550000 
v 9.560000 9.570000 9.580000 
v 9.590000 9.600000 9.610000 
v 9.620000 9.630000 9.640000 
v 9.650000 9.660000 9.670000 
v 9.680000 9.690000 9.700000 
v 9.710000 9.720000 9.730000 
v 9.740000 9.750000 9.760000 
v 9.770000 9.780000 9.790000 
v 9.800000 9.810000 9.820000 
v 9.830000 9.840000 9.850000 
v 9.860000 9.870000 9.880000 
v 9.890000 9.900000 9.910000 
v 9.920000 9.930000 9.940000 
v 9.950000 9.960000 9.970000 
v 9.980000 9.990000 10.000000 
v 10.010000 10.020000 10.030000 
v 10.050000 10.060000 10.070000 
v 10.080000 10.090000 10.100000 
v 10.110000 10.120000 10.130000 
v 10.140000 10.150000 10.160000 
v 10.170000 10.180000 10.190000 
v 10.200000 10.210000 10.220000 
v 10.230000 10.240000 10.250000 
v 10.260000 10.270000 10.280000 
v 10.290000 10.300000 10.310000 
v 10.320000 10.330000 10.340000 
v 10.350000 10.360000 10.370000 
v 10.380000 10.390000 10.400000 
v 10.410000 10.420000 10.430000 
v 10.440000 10.450000 10.460000 
v 10.470000 10.480000 10.490000 
v 10.500000 10.510000 10.520000 
v 10.530000 10.540000 10.550000 
v 10.560000 10.570000 10.580000 
v 10.590000 10.600000 10.610000 
v 10.620000 10.630000 10.640000 
v 10.650000 10.660000 10.670000 
v 10.680000 10.690000 10.700000 
v 10.720000 10.730000 10.740000 
v 10.750000 10.760000 10.770000 
v 10.780000 10.790000 10.800000 
v 10.810000 10.820000 10.830000 
v 10.840000 10.850000 10.860000 
v 10.870000 10.880000 10.890000 
v 10.900000 10.910000 10.920000 
v 10.930000 10.940000 10.950000 
v 10.960000 10.970000 10.980000 
v 10.990000 11.000000 11.010000 
v 11.020000 11.030000 11.040000 
v 11.050000 11.060000 11.070000 
v 11.080000 11.090000 11.100000 
v 11.110000 11.120000 11.130000 
v 11.140000 11.150000 11.160000 
v 11.170000 11.180000 11.190000 
v 11.200000 11.210000 11.220000 
v 11.230000 11.240000 11.250000 
v 11.260000 11.270000 11.280000 
v 11.290000 11.300000 11.310000 
v 11.320000 11.330000 11.340000 
v 11.350000 11.360000 11.370000 
v 11.390000 11.400000 11.410000 
v 11.420000 11.430000 11.440000 
v 11.450000 11.460000 11.470000 
v 11.480000 11.490000 11.500000 
v 11.510000 11.520000 11.530000 
v 11.540000 11.550000 11.560000 
v 11.570000 11.580000 11.590000 
v 11.600000 11.610000 11.620000 
v 11.630000 11.640000 11.650000 
v 11.660000 11.670000 11.680000 
v 11.690000 11.700000 11.710000 
v 11.720000 11.730000 11.740000 
v 11.750000 11.760000 11.770000 
v 11.780000 11.790000 11.800000 
v 11.810000 11.820000 11.830000 
v 11.840000 11.850000 11.860000 
v 11.870000 11.880000 11.890000 
v 11.900000 11.910000 11.920000 
v 11.930000 11.940000 11.950000 
v 11.960000 11.970000 11.980000 
v 11.990000 12.000000 12.010000 
v 12.020000 12.030000 12.040000 
v 12.060000 12.070000 12.080000 
v 12.090000 12.100000 12.110000 
v 12.120000 12.130000 12.140000 
v 12.150000 12.160000 12.170000 
v 12.180000 12.190000 12.200000 
v 12.210000 12.220000 12.230000 
v 12.240000 12.250000 12.260000 
v 12.270000 12.280000 12.290000 
v 12.300000 12.310000 12.320000 
v 12.330000 12.340000 12.350000 
v 12.360000 12.370000 12.380000 
v 12.390000 12.400000 12.410000 
v 12.420000 12.430000 12.440000 
v 12.450000 12.460000 12.470000 
v 12.480000 12.490000 12.500000 
v 12.510000 12.520000 12.530000 
v 12.540000 12.550000 12.560000 
v 12.570000 12.580000 12.590000 
v 12.600000 12.610000 12.620000 
v 12.630000 12.640000 12.650000 
v 12.660000 12.670000 12.680000 
v 12.690000 12.700000 12.710000 
v 12.730000 12.740000 12.750000 
v 12.760000 12.770000 12.780000 
v 12.790000 12.800000 12.810000 
v 12.820000 12.830000 12.840000 
v 12.850000 12.860000 12.870000 
v 12.880000 12.890000 12.900000 
v 12.910000 12.920000 12.930000 
v 12.940000 12.950000 12.960000 
v 12.970000 12.980000 12.990000 
v 13.000000 13.010000 13.020000 
v 13.030000 13.040000 13.050000 
v 13.060000 13.070000 13.080000 
v 13.090000 13.100000 13.110000 
v 13.120000 13.130000 13.140000 
v 13.150000 13.160000 13.170000 
v 13.180000 13.190000 13.200000 
v 13.210000 13.220000 13.230000 
v 13.240000 13.250000 13.260000 
v 13.270000 13.280000 13.290000 
v 13.300000 13.310000 13.320000 
v 13.330000 13.340000 13.350000 
v 13.360000 13.370000 13.380000 
v 13.400000 13.410000 13.420000 
v 13.430000 13.440000 13.450000 
v 13.460000 13.470000 13.480000 
v 13.490000 13.500000 13.510000 
v 13.520000 13.530000 13.540000 
v 13.550000 13.560000 13.570000 
v 13.580000 13.590000 13.600000 
v 13.610000 13.620000 13.630000 
v 13.640000 13.650000 13.660000 
v 13.670000 13.680000 13.690000 
v 13.700000 13.710000 13.720000 
v 13.730000 13.740000 13.750000 
v 13.760000 13.770000 13.780000 
v 13.790000 13.800000 13.810000 
v 13.820000 13.830000 13.840000 
v 13.850000 13.860000 13.870000 
v 13.880000 13.890000 13.900000 
v 13.910000 13.920000 13.930000 
v 13.940000 13.950000 13.960000 
v 13.970000 13.980000 13.990000 
v 14.000000 14.010000 14.020000 
v 14.030000 14.040000 14.050000 
v 14.070000 14.080000 14.090000 
v 14.100000 14.110000 14.120000 
v 14.130000 14.140000 14.150000 
v 14.160000 14.170000 14.180000 
v 14.190000 14.200000 14.210000 
v 14.220000 14.230000 14.240000 
v 14.250000 14.260000 14.270000 
v 14.280000 14.290000 14.300000 
v 14.310000 14.320000 14.330000 
v 14.340000 14.350000 14.360000 
v 14.370000 14.380000 14.390000 
v 14.400000 14.410000 14.420000 
v 14.430000 14.440000 14.450000 
v 14.460000 14.470000 14.480000 
v 14.490000 14.500000 14.510000 
v 14.520000 14.530000 14.540000 
v 14.550000 14.560000 14.570000 
v 14.580000 14.590000 14.600000 
v 14.610000 14.620000 14.630000 
v 14.640000 14.650000 14.660000 
v 14.670000 14.680000 14.690000 
v 14.700000 14.710000 14.720000 
v 14.740000 14.750000 14.760000 
v 14.770000 14.780000 14.790000 
v 14.800000 14.810000 14.820000 
v 14.830000 14.840000 14.850000 
v 14.860000 14.870000 14.880000 
v 14.890000 14.900000 14.910000 
v 14.920000 14.930000 14.940000 
v 14.950000 14.960000 14.970000 
v 14.980000 14.990000 15.000000 
v 15.010000 15.020000 15.030000 
v 15.040000 15.050000 15.060000 
v 15.070000 15.080000 15.090000 
v 15.100000 15.110000 15.120000 
v 15.130000 15.140000 15.150000 
v 15.160000 15.170000 15.180000 
v 15.190000 15.200000 15.210000 
v 15.220000 15.230000 15.240000 
v 15.250000 15.260000 15.270000 
v 15.280000 15.290000 15.300000 
v 15.310000 15.320000 15.330000 
