32582
32582
32640
32645
32772
32774
32871
32909
32934
33062
33069
33099
33123
33330
33432
33608
33609
33637
33760
33800
33798
33864
33958
34163
34221
34243
34443
34447
34540
34759
34764
34773
34845
34927
34933
35116
35308
35370
35372
35413
35516
35697
35694
35911
35914
36050
36122
36299
36298
36575
37133
37733
38187
38240
38892
39870
40141
40268
40268
40567
40743
41035
41058
41251
41550
41550
41674
41966
42783
42808
43376
43655
43758
43760
44064
44063
44147
44442
45138
45152
45438
45728
45738
45941
45955
46226
46334
46455
46730
46737
46858
47009
47044
47341
47340
47463
47580
47599
47822
47894
48472
49104
49762
50725
50864
51543
52215
52871
53501
54097
54830
55060
55054
55349
55375
55459
55462
55720
55988
55993
56140
56163
56200
56203
56326
56526
56588
56590
56648
56721
56719
56755
56872
56902
57074
57394
57641
57653
57825
57919
57940
57945
57948
57963
57968
57970
57976
57977
57977
57976
57970
57968
57963
57947
57944
57940
57922
57833
57665
57421
56957
56906
56495
56443
56442
56441
56440
56433
56345
56340
56162
56073
56038
56042
55923
55906
55825
55530
55517
55178
54882
54659
54649
54467
54402
54395
54310
54102
53937
53812
53599
53603
53474
53441
53087
52746
52188
51818
51783
51162
50668
50387
50342
50342
50049
49919
49920
49623
49577
49577
49296
48876
48877
48858
48754
48627
48390
48150
47851
47715
47715
47419
47299
47003
47003
46871
46567
45994
45979
45528
45328
45329
45206
44768
44657
44656
44416
44417
44331
44035
43972
43951
43272
42993
42908
42907
42613
42617
42396
42297
42276
42272
42159
41962
41906
41692
41695
41446
41319
41229
41228
40976
40947
40728
40706
40627
40593
40592
40339
40258
40236
40017
40017
39848
39595
39454
39455
39382
39228
39214
38911
38753
38747
38517
38494
38332
38063
37954
37950
37858
37862
37706
37504
37489
37356
37234
37230
37065
37066
37018
36875
36857
36702
36689
36540
36520
36140
36091
36088
36018
36005
35864
35834
35676
35650
35526
35527
35414
35240
35243
35142
35056
35059
34994
34782
34638
34632
34613
34610
34442
34239
34242
34171
34104
34108
34058
33937
33882
33706
33395
33386
33100
32995
32989
32988
32927
32920
32838
32830
32784
32758
32754
32724
32710
32620
32608
32606
32557
32551
32424
32317
32294
32296
32365
32582
32914
32971
32977
33104
33107
33204
33339
33383
33390
33425
33449
33605
33731
33907
33934
34057
34095
34092
34158
34247
34452
34507
34529
34717
34721
34808
35027
35032
35042
35108
35190
35195
35367
35559
35620
35658
35761
35932
35929
36146
36149
36276
36348
36515
36513
36790
37333
37916
38305
38358
38990
39889
40160
40280
40280
40579
40744
41036
41058
41239
41538
41538
41655
41947
42714
42739
43273
43552
43649
43650
43954
43953
44033
44328
44981
44995
45264
45554
45564
45797
46059
46233
46269
46568
46575
46698
46849
46882
47179
47178
47293
47428
47651
47780
47783
47908
48090
48674
49290
49930
50735
50874
51532
52183
52817
53424
53996
54600
54830
54824
55101
55127
55206
55209
55467
55720
55725
55862
55885
55920
55923
56039
56239
56297
56299
56354
56427
56424
56458
56575
56603
56775
57084
57308
57320
57485
57570
57591
57596
57599
57614
57618
57620
57626
57627
57627
57626
57620
57618
57613
57597
57595
57591
57573
57485
57319
57077
56667
56616
56216
56095
56092
56091
56090
56083
56001
55996
55828
55739
55706
55710
55591
55575
55494
55217
55204
54875
54607
54384
54375
54204
54139
54133
54053
53845
53689
53687
53564
53363
53367
53194
53085
53073
53058
53033
52870
52529
51988
51658
51623
51020
50576
50295
50252
50252
49959
49836
49837
49540
49497
49497
49216
48821
48822
48803
48691
48567
48358
48138
47839
47711
47711
47415
47303
47007
47007
46883
46579
46040
46025
45602
45402
45403
45287
44849
44744
44743
44503
44504
44423
44127
44069
44048
43410
43131
43050
43049
42755
42759
42552
42453
42429
42322
42125
42073
41859
41859
41627
41500
41416
41415
41163
41136
40917
40896
40817
40785
40784
40528
40447
40427
40208
40031
39777
39777
39633
39634
39566
39422
39399
39096
38947
38941
38725
38702
38550
38281
38179
38175
38083
38086
37940
37738
37724
37591
37477
37472
37307
37309
37263
37120
37121
37103
36948
36936
36787
36788
36768
36388
36342
36339
36269
36257
36116
36087
35929
35905
35781
35782
35676
35502
35505
35409
35323
35326
35266
35054
34933
34911
34890
34732
34529
34532
34465
34398
34401
34355
34234
34182
34006
33714
33705
33436
33331
33325
33264
33258
33176
33169
33168
33122
33098
33093
33063
33051
32961
32950
32947
32898
32893
32766
32664
32644
32646
32714
32914
33246
33309
33310
33437
33439
33536
33658
33704
33711
33743
33774
33928
34030
34206
34208
34231
34354
34389
34387
34453
34536
34741
34792
34814
34990
34994
35075
35294
35297
35314
35370
35452
35456
35619
35811
35865
35867
35903
36006
36165
36163
36380
36383
36502
36574
36730
36729
37006
37531
38097
38423
38476
39088
39909
40180
40291
40291
40590
40746
41038
41058
41228
41527
41527
41636
41928
42645
42670
43170
43449
43540
43541
43845
43844
43918
44213
44825
44839
45090
45380
45389
45596
45616
45916
46001
46128
46407
46413
46537
46688
46719
47016
47015
47123
47240
47256
47479
47601
47604
47860
47860
47891
47920
48307
48874
49473
50095
50745
50884
51521
52149
52760
53344
53892
54370
54600
54595
54854
54880
54954
54957
55215
55451
55456
55585
55608
55640
55643
55751
55951
56006
56008
56059
56132
56130
56161
56278
56305
56477
56774
56975
56987
57146
57221
57242
57247
57249
57264
57268
57270
57276
57277
57277
57276
57270
57268
57264
57248
57246
57242
57224
57138
56973
56733
56376
56325
55938
55745
55745
55742
55741
55740
55733
55656
55651
55495
55406
55374
55378
55259
55244
55163
54904
54891
54571
54333
54110
54102
53941
53876
53870
53795
53587
53442
53316
53127
53131
52981
52958
52843
52654
52313
51789
51498
51463
50880
50483
50202
50162
50162
49869
49754
49755
49458
49417
49417
49136
48767
48768
48749
48633
48509
48333
48127
47828
47707
47707
47411
47307
47011
47011
46894
46590
46086
46071
45675
45475
45475
45368
44930
44832
44831
44591
44592
44515
44219
44165
44144
43547
43268
43192
43191
42897
42901
42707
42608
42589
42585
42486
42289
42240
42026
42032
41809
41682
41602
41602
41350
41325
41106
41086
41085
41006
40977
40976
40717
40717
40636
40617
40408
40227
39954
39954
39813
39816
39750
39596
39583
39280
39141
39135
38933
38910
38767
38498
38403
38400
38308
38310
38173
37971
37958
37825
37718
37714
37549
37551
37508
37365
37349
37194
37183
37034
37035
37016
36636
36592
36590
36520
36508
36367
36368
36341
36183
36160
36036
36038
35938
35764
35766
35677
35591
35594
35537
35325
35198
35195
35190
35173
35170
35022
34819
34823
34760
34693
34695
34652
34531
34483
34307
34033
34024
33773
33668
33663
33662
33601
33595
33513
33506
33460
33437
33433
33403
33391
33301
33290
33289
33240
33235
33108
33010
32994
32996
33063
33246
33579
33638
33642
33769
33771
33868
33970
34024
34031
34069
34099
34204
34328
34504
34507
34528
34651
34684
34682
34748
34825
35030
35078
35100
35263
35267
35343
35562
35564
35587
35633
35715
35719
35870
36062
36113
36148
36251
36400
36398
36615
36617
36729
36801
36946
36945
37222
37729
38541
38594
39185
39928
40199
40303
40303
40602
40747
41039
41058
41216
41515
41515
41617
41909
42577
42602
43067
43346
43430
43431
43735
43735
43804
44099
44668
44682
44916
45206
45215
45432
45467
45747
45838
45946
46245
46250
46377
46528
46556
46853
46852
46953
47070
47085
47308
47421
47424
47680
47679
47728
47846
47935
48012
48522
49073
49654
50257
50755
50894
51508
52114
52702
53261
53783
54139
54369
54365
54606
54632
54701
54704
54962
55182
55187
55307
55330
55363
55464
55664
55714
55716
55764
55837
55836
55865
55982
56006
56178
56464
56643
56655
56806
56872
56893
56897
56900
56915
56919
56920
56926
56927
56927
56926
56920
56918
56914
56898
56896
56893
56875
56790
56627
56389
56085
56034
55660
55394
55395
55395
55392
55391
55384
55311
55306
55161
55072
55042
55046
54927
54913
54832
54591
54578
54268
54058
53835
53828
53678
53613
53608
53538
53330
53194
53192
53067
52891
52895
52722
52659
52438
52097
51338
51303
50739
50391
50110
50072
50072
49779
49671
49672
49375
49337
49337
49056
48712
48713
48694
48573
48450
48301
48115
47816
47704
47704
47408
47310
47014
47014
46906
46602
46133
46118
45749
45549
45550
45448
45010
44919
44918
44678
44679
44608
44312
44261
44240
43684
43405
43335
43334
43040
43043
42862
42763
42746
42742
42649
42452
42406
42192
42195
41990
41863
41790
41789
41537
41513
41294
41275
41275
41196
41169
41168
40869
40825
40807
40588
40404
40396
40395
40136
40136
39992
39995
39933
39779
39768
39465
39335
39329
39142
39119
38985
38716
38641
38626
38624
38532
38534
38407
38205
38193
38060
37961
37956
37791
37793
37753
37610
37595
37440
37429
37280
37281
37264
36884
36843
36841
36771
36760
36619
36594
36436
36415
36291
36293
36200
36026
36028
35945
35859
35861
35808
35596
35478
35469
35453
35450
35313
35110
35112
35054
34987
34989
34949
34828
34783
34607
34352
34343
34109
34004
33999
33938
33932
33850
33844
33798
33777
33773
33743
33732
33642
33632
33630
33581
33576
33449
33357
33343
33345
33411
33579
33911
33969
33974
34101
34103
34200
34286
34345
34352
34394
34424
34514
34627
34803
34805
34825
34948
34979
34976
35042
35114
35319
35363
35385
35537
35541
35611
35830
35833
35835
35848
35860
35895
35977
35980
36121
36313
36360
36362
36393
36496
36634
36632
36849
36852
36955
37027
37162
37161
37438
37927
38660
38713
39281
39947
40218
40315
40315
40614
40748
41040
41058
41204
41503
41503
41597
41889
42508
42533
42964
43243
43321
43322
43626
43624
43690
43985
44512
44526
44742
45032
45040
45250
45306
45556
45697
45784
46083
46088
46216
46367
46393
46690
46690
46783
46900
46914
47137
47241
47244
47500
47499
47565
47682
47760
47954
48243
48737
49270
49832
50414
50765
50904
51495
52077
52641
53174
53669
53909
54139
54136
54359
54385
54449
54451
54709
54913
54918
55029
55052
55080
55083
55176
55376
55423
55425
55469
55542
55541
55568
55685
55707
55879
56153
56310
56322
56466
56523
56544
56548
56550
56565
56569
56570
56576
56577
56577
56576
56570
56569
56565
56549
56546
56543
56525
56443
56282
56046
55795
55744
55382
55042
55042
55045
55045
55042
55041
55034
54967
54962
54827
54738
54711
54714
54595
54582
54501
54278
54265
53966
53784
53561
53555
53415
53350
53345
53280
53072
52947
52819
52655
52659
52548
52530
52221
51880
51178
51143
50600
50298
50017
49981
49981
49688
49589
49590
49293
49257
49257
48976
48657
48658
48639
48513
48393
48274
48103
47804
47700
47700
47404
47314
47018
47018
46917
46613
46179
46164
45822
45622
45623
45529
45091
45007
45006
44766
44767
44700
44404
44357
44336
43822
43543
43477
43476
43182
43185
43017
42918
42898
42813
42616
42573
42359
42360
42172
42045
41976
41975
41723
41702
41483
41466
41465
41386
41360
41359
41095
41014
40998
40779
40580
40314
40172
40174
40117
39963
39952
39649
39529
39523
39350
39327
39203
38934
38885
38851
38849
38757
38758
38640
38438
38427
38294
38202
38198
38033
38034
37997
37854
37841
37686
37676
37527
37511
37131
37094
37092
37022
37012
36871
36848
36690
36670
36546
36547
36461
36287
36290
36212
36126
36128
36079
35867
35769
35747
35733
35730
35603
35400
35402
35348
35281
35283
35246
35125
35083
34907
34671
34662
34446
34341
34337
34336
34275
34270
34188
34182
34136
34117
34113
34083
34072
33982
33973
33971
33922
33918
33791
33703
33693
33695
33760
33911
34244
34302
34307
34434
34435
34532
34597
34665
34672
34716
34748
34825
34926
35102
35103
35122
35245
35274
35271
35337
35403
35608
35649
35671
35810
35814
35879
36098
36100
36158
36240
36242
36372
36564
36638
36741
36869
36867
37084
37086
37181
37253
37378
37377
37654
38124
38778
38831
39377
39967
40238
40326
40326
40625
40749
41041
41058
41193
41492
41492
41578
41870
42439
42464
42861
43140
43212
43213
43517
43515
43575
43870
44355
44369
44569
44859
44866
45078
45108
45388
45557
45622
45921
45926
46075
46206
46231
46528
46528
46613
46730
46743
46966
47062
47065
47321
47319
47400
47793
47808
47972
48045
48473
48949
49464
50007
50775
50914
51481
52038
52576
53083
53679
53909
53906
54111
54137
54196
54199
54457
54644
54649
54751
54774
54800
54803
54889
55089
55132
55134
55175
55248
55246
55271
55388
55409
55581
55842
55977
55989
56125
56174
56195
56199
56201
56216
56219
56220
56226
56227
56227
56226
56220
56219
56215
56199
56197
56194
56176
56095
55936
55702
55504
55453
55105
54697
54689
54691
54692
54692
54695
54695
54692
54691
54684
54622
54617
54493
54404
54378
54382
54263
54251
54170
53965
53952
53509
53286
53281
53152
53087
53083
53023
52815
52699
52697
52570
52419
52423
52250
52122
52005
51664
51018
50983
50206
49925
49891
49891
49598
49506
49507
49210
49177
48896
48603
48604
48585
48444
48336
48240
48092
47793
47697
47697
47401
47317
47021
47021
46929
46625
46225
46210
45896
45696
45697
45610
45172
45094
45093
44853
44854
44793
44497
44453
44432
43959
43680
43620
43619
43325
43328
43173
43074
43059
43055
42976
42779
42740
42526
42531
42353
42226
42162
42162
41910
41890
41671
41655
41655
41576
41552
41551
41252
41204
41188
40969
40761
40495
40495
40351
40353
40301
40147
40147
40137
39834
39723
39717
39558
39535
39421
39152
39077
39074
38982
38989
38988
38874
38672
38662
38529
38444
38440
38275
38278
38242
38106
38086
37931
37922
37773
37774
37759
37379
37345
37343
37273
37264
37123
37102
36944
36925
36801
36803
36723
36549
36551
36480
36394
36396
36351
36139
36049
36048
36026
36013
36010
35893
35690
35692
35642
35575
35577
35543
35422
35384
35208
34991
34982
34782
34677
34673
34612
34607
34525
34520
34474
34457
34452
34422
34413
34323
34315
34313
34264
34260
34133
34051
34043
34045
34109
34244
34576
34637
34639
34766
34767
34864
34911
34986
34993
35042
35073
35130
35224
35400
35401
35419
35542
35569
35566
35632
35692
35897
35934
35956
36083
36087
36146
36365
36367
36420
36502
36503
36624
36816
36855
36857
36883
36986
37104
37102
37319
37320
37407
37479
37594
37593
37870
38320
38896
38949
39471
39986
40257
40338
40338
40637
40750
41042
41058
41181
41480
41480
41559
41851
42371
42396
42758
43037
43102
43103
43407
43406
43461
43756
44199
44213
44395
44685
44691
44905
44938
45220
45394
45460
45759
45763
45895
46046
46068
46300
46302
46443
46560
46572
46795
46883
46885
47141
47138
47235
47559
47590
47855
47920
47922
48006
48107
48292
48703
49161
49656
50179
50785
50924
51466
51997
52508
52987
53448
53678
53677
53864
53890
53944
53946
54204
54375
54380
54474
54497
54520
54523
54602
54802
54841
54843
54880
54953
54951
54974
55091
55110
55282
55530
55644
55656
55784
55825
55846
55849
55851
55866
55869
55870
55870
55871
55871
55876
55877
55877
55876
55870
55869
55866
55850
55848
55845
55827
55748
55591
55359
55214
55163
54828
54435
54334
54341
54342
54342
54345
54345
54342
54341
54334
54278
54273
54160
54071
54047
54050
53931
53920
53839
53652
53639
53235
53012
53008
52889
52824
52820
52765
52557
52452
52322
52183
52187
52030
52026
52014
51916
51789
51448
50858
50823
50113
49832
49801
49801
49508
49424
49425
49128
49097
49097
48816
48548
48549
48530
48382
48281
48209
48080
47781
47693
47693
47397
47321
47025
47025
46940
46636
46271
46256
45970
45770
45770
45691
45253
45182
45181
44941
44941
44885
44589
44549
44528
44096
43817
43762
43761
43467
43469
43328
43229
43211
43139
42942
42907
42693
42695
42535
42408
42349
42097
42079
41860
41846
41845
41766
41745
41743
41444
41393
41379
41160
40968
40944
40673
40531
40532
40485
40337
40321
40018
39917
39911
39766
39743
39639
39370
39301
39298
39206
39212
39108
38906
38896
38763
38686
38682
38517
38519
38487
38344
38345
38332
38177
38169
38020
38021
38007
37627
37596
37594
37524
37516
37418
37355
37197
37180
37056
37057
36985
36811
36813
36747
36661
36663
36622
36410
36327
36305
36290
36183
35980
35985
35973
35937
35870
35871
35840
35719
35684
35508
35310
35301
35119
35014
35010
34949
34945
34863
34858
34812
34796
34792
34762
34753
34663
34656
34654
34605
34602
34475
34398
34392
34394
34457
34576
34908
34969
34971
35098
35100
35197
35216
35307
35314
35366
35396
35445
35523
35699
35700
35716
35839
35864
35860
35926
35981
36186
36219
36241
36357
36361
36414
36633
36634
36683
36765
36775
36875
37067
37128
37231
37338
37336
37553
37555
37634
37706
37809
37857
37860
37864
38086
38515
39014
39067
39564
40005
40276
40350
40350
40649
40752
41044
41058
41169
41468
41468
41540
41832
42302
42327
42654
42933
42993
42994
43298
43297
43347
43642
44042
44056
44221
44511
44517
44750
44769
45069
45184
45298
45597
45601
45750
45885
45905
46202
46202
46273
46390
46401
46624
46704
46706
46962
46959
47069
47357
47371
47636
47694
47697
47790
47786
47866
48040
48355
48540
48931
49370
49845
50346
50795
50934
51449
51954
52436
52885
53218
53393
53396
53398
53448
53447
53616
53642
53691
53694
53952
54106
54111
54196
54219
54243
54314
54514
54550
54552
54585
54658
54655
54678
54795
54812
54984
55218
55311
55323
55443
55476
55497
55500
55502
55517
55520
55521
55521
55526
55527
55527
55526
55520
55519
55516
55500
55498
55496
55478
55401
55246
54923
54872
54552
54174
53964
53984
53991
53992
53992
53995
53995
53992
53991
53984
53933
53928
53826
53737
53716
53718
53599
53590
53509
53339
53326
52960
52737
52734
52626
52561
52558
52508
52300
52210
52211
52074
51948
51951
51802
51787
51778
51735
51573
51232
50698
50663
50021
49740
49711
49418
49341
49342
49045
49017
49017
48736
48494
48495
48476
48331
48227
48165
48068
47769
47690
47690
47394
47324
47028
47028
46952
46648
46318
46303
46043
45843
45844
45772
45334
45269
45268
45028
45028
44977
44681
44625
44234
43955
43905
43904
43610
43611
43483
43384
43368
43303
43106
43073
42944
42716
42589
42536
42284
42267
42048
42035
41956
41937
41935
41636
41582
41569
41350
41153
40852
40710
40711
40668
40514
40506
40203
40112
40106
39974
39951
39857
39588
39526
39523
39431
39436
39341
39139
39131
38998
38928
38924
38759
38761
38732
38589
38578
38423
38416
38267
38255
37875
37847
37845
37775
37767
37626
37627
37609
37451
37436
37312
37313
37246
37072
37074
37015
36929
36931
36893
36681
36606
36584
36573
36570
36473
36270
36276
36231
36164
36168
36137
36016
35984
35808
35629
35620
35455
35350
35347
35286
35282
35200
35195
35149
35135
35132
35102
35094
35004
34998
34996
34947
34944
34817
34745
34742
34744
34806
34908
35241
35295
35303
35430
35432
35529
35535
35537
35627
35634
35694
35720
35752
35821
35997
35999
36012
36135
36158
36155
36221
36270
36475
36505
36527
36630
36634
36682
36901
36906
36946
37028
37037
37126
37350
37352
37373
37476
37573
37571
37788
37789
37860
37932
38025
38024
38301
38708
39132
39185
39656
40025
40296
40362
40362
40661
40753
41045
41058
41157
41456
41521
41813
42233
42258
42551
42830
42884
42885
43189
43188
43232
43527
43885
43899
44047
44337
44342
44560
44627
44885
45059
45136
45136
45435
45439
45588
45588
45724
45742
46039
46103
46220
46230
46453
46524
46526
46782
46778
46901
47137
47139
47152
47417
47470
47472
47565
47562
47634
47831
47873
47876
47878
47932
47979
48109
48361
48602
48787
49159
49577
50031
50507
50805
50944
51431
51907
52360
52776
52988
53218
53207
53369
53395
53437
53441
53699
53837
53842
53918
53941
53960
53963
54027
54227
54258
54260
54290
54363
54361
54381
54498
54513
54685
54978
54990
55127
55148
55151
55152
55167
55170
55171
55171
55176
55177
55177
55176
55170
55167
55151
55149
55147
55129
55054
54901
54632
54581
54277
53915
53591
53634
53641
53642
53642
53645
53645
53642
53641
53634
53589
53584
53492
53403
53384
53387
53268
53259
53178
53026
53013
52686
52463
52461
52363
52298
52295
52250
52042
51957
51825
51712
51715
51561
51547
51356
51015
50538
50503
49928
49647
49621
49621
49328
49259
49260
48963
48937
48937
48656
48438
48440
48421
48245
48174
48137
48056
47757
47686
47686
47390
47328
47032
47032
46963
46659
46364
46349
46117
45917
45918
45853
45415
45357
45356
45116
45070
44774
44742
44721
44371
44092
44047
44046
43752
43753
43638
43539
43525
43466
43269
43240
43026
43029
42898
42771
42723
42722
42470
42456
42237
42224
42145
42128
42127
41852
41771
41759
41540
41353
41309
41032
40890
40892
40852
40698
40698
40691
40388
40306
40300
40182
40159
40075
39806
39751
39748
39656
39660
39575
39373
39365
39232
39170
39166
39001
39002
38977
38834
38824
38669
38662
38513
38514
38503
38123
38098
38096
38026
38019
37878
37862
37704
37691
37567
37568
37508
37334
37336
37283
37197
37198
37164
36952
36878
36863
36853
36850
36764
36561
36565
36525
36458
36462
36434
36313
36284
36108
35948
35939
35792
35687
35684
35623
35619
35537
35533
35487
35475
35471
35441
35434
35344
35338
35337
35288
35286
35159
35093
35092
35094
35154
35241
35573
35634
35636
35763
35764
35861
35923
35948
35955
36020
36043
36066
36120
36296
36297
36309
36432
36452
36450
36516
36559
36764
36790
36812
36903
36907
36949
37168
37172
37208
37290
37298
37378
37570
37598
37618
37721
37806
37805
38022
38024
38086
38158
38240
38517
38901
39250
39303
39746
40044
40315
40373
40373
40672
40754
41046
41058
41146
41445
41445
41502
41794
42165
42190
42448
42727
42774
42775
43079
43078
43118
43413
43729
43743
43873
44163
44168
44401
44401
44430
44717
44858
44985
44985
45273
45276
45421
45564
45580
45877
45933
46059
46282
46345
46347
46603
46599
46732
46917
46934
47199
47246
47247
47340
47337
47401
47598
47638
47640
47719
47739
47956
47996
48136
48225
48236
48428
48690
48850
49035
49386
49782
50212
50815
50954
51412
51857
52277
52757
52987
52977
53121
53147
53184
53188
53446
53569
53574
53640
53663
53680
53683
53739
53939
53967
53969
53996
54069
54066
54084
54201
54215
54387
54645
54657
54778
54799
54801
54803
54818
54821
54821
54826
54827
54827
54826
54820
54817
54801
54800
54798
54780
54707
54557
54342
54291
54003
53659
53287
53213
53216
53222
53284
53291
53292
53292
53295
53295
53292
53291
53284
53244
53239
53158
53069
53052
53055
52936
52928
52847
52713
52700
52411
52188
52178
52168
52100
52035
52032
51992
51784
51709
51707
51577
51476
51479
51306
51226
51140
50799
50378
50343
49836
49555
49531
49531
49238
49176
49177
48880
48857
48857
48576
48384
48385
48366
48175
48123
48103
48045
47746
47683
47387
47331
47035
46975
46671
46410
46395
46190
45990
45991
45934
45496
45444
45443
45203
45203
45162
44866
44817
44508
44229
44189
44189
43895
43896
43794
43695
43681
43630
43433
43407
43193
43194
43079
42952
42909
42657
42644
42425
42410
42335
42320
42319
42041
41960
41950
41731
41521
41491
41213
41069
41071
41036
40885
40875
40572
40500
40494
40390
40367
40293
40024
39975
39972
39880
39883
39808
39606
39600
39467
39412
39408
39243
39245
39222
39079
39080
39070
38915
38909
38768
38750
38370
38348
38347
38277
38271
38130
38116
37958
37946
37822
37823
37770
37596
37598
37550
37464
37466
37436
37224
37158
37155
37142
37130
37054
36851
36855
36819
36752
36756
36731
36610
36585
36409
36267
36258
36128
36023
36019
35960
35957
35875
35871
35825
35814
35811
35781
35775
35685
35680
35679
35630
35627
35500
35441
35443
35503
35573
35905
35968
35968
36095
36096
36193
36243
36269
36276
36347
36365
36376
36419
36595
36606
36729
36747
36745
36811
36848
37053
37076
37098
37177
37217
37436
37439
37471
37553
37560
37629
37821
37845
37847
37863
37966
38041
38040
38257
38258
38312
38384
38456
38456
38733
39092
39368
39421
39834
40063
40334
40385
40385
40684
40755
41047
41058
41134
41433
41433
41482
41774
42096
42121
42345
42624
42665
42666
42970
42969
43003
43298
43572
43586
43699
43989
43993
44214
44260
44549
44711
44822
45111
45114
45263
45263
45403
45417
45714
45763
45880
45887
46110
46165
46167
46423
46417
46657
46696
46701
46715
46980
47020
47022
47115
47113
47169
47366
47400
47402
47480
47499
47716
47767
47768
47892
48041
48052
48193
48328
48332
48438
48445
48464
48576
48762
49097
49282
49611
49984
50389
50826
50965
51390
51802
52188
52527
52757
52749
52874
52900
52933
52936
53194
53300
53305
53362
53385
53400
53403
53452
53652
53678
53701
53774
53772
53788
53905
53916
54088
54312
54324
54429
54450
54452
54453
54468
54470
54471
54477
54477
54471
54470
54468
54452
54451
54449
54431
54360
54213
54051
54000
53731
53404
53130
52791
52875
52881
52934
52941
52942
52942
52945
52945
52942
52941
52934
52900
52895
52825
52736
52721
52723
52604
52597
52516
52400
52387
52136
51913
51904
51899
51837
51772
51770
51735
51527
51462
51460
51329
51240
51243
51070
51029
50924
50583
50217
50182
49743
49462
49441
49441
49148
49094
49095
48798
48777
48777
48496
48330
48331
48312
48098
48074
48067
48033
47734
47679
47383
47335
47039
46986
46682
46456
46441
46264
46064
46064
46014
45576
45532
45531
45291
45292
45255
44959
44934
44913
44645
44366
44331
44331
44037
44041
43949
43850
43838
43793
43596
43574
43360
43363
43261
43134
43096
43096
42844
42833
42614
42604
42525
42512
42511
42212
42149
42140
41921
41692
41692
41391
41392
41249
41250
41220
41066
41060
40757
40694
40688
40598
40575
40511
40242
40200
40197
40105
40108
40042
39840
39834
39701
39654
39651
39486
39487
39466
39323
39324
39316
39161
39156
39007
38998
38618
38599
38598
38528
38523
38410
38409
38408
38369
38211
38201
38077
38078
38032
37858
37859
37818
37732
37733
37707
37495
37438
37435
37421
37413
37410
37344
37141
37145
37114
37047
37050
37028
36907
36885
36709
36586
36577
36465
36360
36358
36297
36294
36212
36210
36209
36163
36156
36151
36121
36116
36026
36022
36020
35971
35969
35842
35791
35793
35905
36238
36298
36300
36427
36428
36525
36562
36589
36596
36682
36686
36688
36717
36893
36903
37026
37041
37039
37105
37137
37342
37361
37383
37450
37454
37485
37704
37706
37733
37815
37821
37880
38072
38108
38211
38276
38275
38492
38493
38539
38611
38700
38704
38949
39280
39486
39539
40083
40354
40397
40397
40696
40756
41048
41058
41122
41421
41421
41463
41755
42028
42053
42242
42521
42556
42557
42861
42860
42889
43184
43416
43430
43525
43815
43819
44052
44052
44091
44381
44531
44650
44949
44952
45091
45242
45254
45517
45519
45593
45710
45716
45939
45986
45988
46244
46239
46456
46476
46478
46497
46762
46796
46797
46890
46889
46936
47133
47162
47165
47233
47260
47477
47506
47647
47648
47797
47806
47939
48087
48090
48253
48348
48506
48611
48843
48847
48849
48857
48811
48763
48790
48809
48915
49095
49345
49530
49834
50181
50559
50836
50975
51365
51742
52090
52297
52527
52520
52626
52652
52680
52683
52941
53031
53036
53085
53108
53123
53164
53364
53385
53387
53406
53479
53477
53491
53608
53618
53790
53979
53991
54080
54101
54103
54118
54120
54121
54127
54127
54121
54120
54118
54102
54101
54100
54082
54014
53869
53760
53709
53459
53153
52973
52440
52347
52434
52533
52539
52584
52591
52592
52592
52595
52595
52592
52591
52584
52555
52550
52491
52402
52388
52391
52272
52266
52185
52087
52074
51862
51639
51631
51574
51509
51507
51477
51269
51214
51212
51080
51004
51007
50834
50759
50708
50367
50057
50022
49651
49370
49351
49058
49012
49013
48716
48697
48697
48416
48275
48276
48257
48021
47722
47676
47380
47338
47042
46998
46694
46503
46488
46337
46137
46138
46095
45657
45620
45619
45379
45380
45347
45051
45009
44783
44504
44474
44180
44183
44104
44005
43998
43994
43956
43759
43741
43527
43527
43442
43315
43245
43242
43031
43021
42802
42790
42715
42704
42703
42419
42338
42331
42116
41910
41856
41572
41428
41429
41403
41255
41244
40941
40888
40882
40806
40783
40729
40460
40424
40421
40329
40330
40275
40073
40068
39935
39896
39893
39728
39711
39568
39569
39562
39407
39402
39253
39254
39246
38866
38850
38849
38779
38774
38633
38623
38465
38456
38332
38333
38293
38119
38120
38085
37999
38000
37978
37766
37718
37715
37699
37690
37634
37431
37434
37408
37341
37344
37325
37204
37185
37009
36906
36897
36801
36696
36693
36634
36631
36549
36547
36501
36495
36491
36461
36456
36366
36363
36362
36313
36311
36184
36141
36143
36238
36570
36631
36633
36760
36760
36857
36886
36910
36917
37016
37192
37193
37200
37323
37336
37334
37400
37426
37631
37647
37669
37723
37727
37752
37971
37973
37996
38078
38083
38131
38323
38340
38353
38456
38510
38509
38726
38727
38765
38837
38888
39165
39604
39657
40102
40373
40408
40707
40758
41050
41058
41111
41410
41444
41736
41959
41984
42139
42418
42446
42447
42751
42750
42775
43070
43259
43273
43351
43641
43644
43869
43922
44222
44368
44489
44788
44789
44931
45082
45091
45360
45362
45423
45540
45545
45768
45806
45808
46064
46060
46209
46256
46261
46278
46543
46571
46572
46665
46664
46704
46901
46925
46927
47007
47020
47237
47272
47273
47403
47552
47561
47718
47717
47845
47848
47999
48120
48278
48363
48620
48623
48907
48936
48938
48981
49010
49263
49308
49406
49405
49421
49615
49635
49684
49684
49571
49549
49526
49512
49508
49369
49365
49256
49145
49112
49135
49154
49253
49426
49592
49777
50055
50374
50846
50985
51338
51675
52066
52296
52291
52379
52405
52429
52431
52689
52762
52767
52807
52830
52840
52843
52877
53077
53095
53111
53184
53183
53194
53311
53319
53491
53646
53658
53731
53752
53753
53754
53769
53770
53771
53777
53777
53771
53770
53769
53753
53752
53751
53733
53667
53470
53419
53189
52816
52283
51935
51892
51881
51988
51993
52111
52191
52197
52235
52242
52242
52245
52245
52242
52242
52235
52210
52205
52157
52068
52057
52059
51940
51935
51854
51774
51761
51587
51364
51358
51311
51246
51245
51220
51012
50967
50965
50832
50769
50771
50598
50548
50491
50150
49897
49862
49558
49277
49261
49261
48968
48929
48930
48633
48617
48336
48221
48222
48203
48010
47711
47672
47376
47342
47046
47009
46705
46549
46534
46411
46211
46212
46176
45738
45707
45706
45466
45467
45439
45143
45126
45105
44920
44641
44616
44616
44322
44325
44259
44160
44155
44151
44120
43923
43907
43693
43695
43623
43496
43470
43218
43210
42991
42984
42905
42895
42895
42596
42527
42521
42302
42060
42039
41607
41609
41587
41433
41429
41126
41082
41076
41014
40991
40946
40677
40648
40646
40554
40555
40509
40307
40303
40170
40138
40135
39970
39972
39956
39813
39808
39653
39649
39500
39494
39114
39101
39100
39030
39026
38894
38876
38718
38711
38587
38555
38381
38382
38353
38267
38268
38249
38037
37998
37995
37978
37973
37970
37924
37721
37724
37702
37635
37637
37622
37501
37486
37310
37225
37216
37138
37033
37032
36971
36969
36887
36885
36839
36834
36830
36800
36797
36707
36704
36703
36654
36653
36526
36490
36492
36570
36903
36964
36965
37092
37092
37189
37208
37231
37238
37315
37491
37492
37497
37620
37630
37629
37695
37715
37920
37932
37954
37996
38000
38020
38239
38258
38340
38344
38383
38575
38590
38598
38701
38744
38961
38961
38991
39063
39120
39124
39381
39723
39776
40121
40392
40420
40719
40759
41051
41058
41099
41398
41425
41717
41890
41915
42036
42315
42337
42338
42642
42641
42660
42955
43103
43117
43178
43468
43470
43696
43752
44052
44205
44327
44626
44627
44770
44921
44929
45204
45206
45253
45370
45374
45597
45627
45628
45884
45881
45989
46036
46042
46059
46324
46346
46347
46440
46437
46472
46669
46686
46689
46763
46780
46997
47016
47159
47308
47315
47472
47604
47606
47755
47879
47880
48074
48140
48397
48399
48408
48697
48719
48721
48764
48786
49039
49035
49075
49173
49186
49380
49395
49474
49497
49711
49710
49732
49948
49957
50034
50034
50015
50014
49879
49862
49839
49828
49825
49686
49683
49574
49481
49480
49499
49591
49840
50025
50272
50560
50856
50995
51306
51599
51836
52066
52062
52131
52157
52176
52178
52436
52493
52498
52529
52552
52560
52563
52589
52789
52802
52804
52817
52890
52888
52897
53014
53021
53193
53313
53325
53382
53403
53404
53419
53420
53421
53427
53427
53421
53420
53419
53403
53402
53384
53322
53179
53128
52922
52660
52127
51855
51812
51535
51362
51350
51363
51368
51370
51457
51473
51523
51536
51538
51665
51669
51787
51850
51856
51885
51892
51892
51895
51895
51892
51892
51885
51866
51861
51823
51734
51725
51727
51608
51604
51523
51461
51448
51313
51090
51085
51048
50983
50982
50962
50754
50719
50717
50583
50533
50535
50367
50354
50275
49934
49737
49702
49466
49185
49171
49171
48878
48847
48848
48551
48537
48256
48166
48167
48148
47998
47699
47668
47372
47346
47050
47021
46717
46595
46580
46485
46285
46285
46257
45819
45794
45794
45554
45554
45532
45236
45201
45057
44778
44758
44758
44464
44466
44415
44316
44311
44307
44283
44086
44074
43890
43805
43678
43656
43404
43398
43179
43170
43095
43087
43086
42787
42716
42712
42493
42275
42221
41930
41786
41787
41771
41617
41613
41310
41276
41270
41222
41199
41164
40895
40872
40871
40779
40783
40743
40541
40537
40404
40381
40377
40212
40213
40201
40061
40053
39898
39896
39747
39742
39362
39352
39351
39281
39278
39137
39130
38972
38966
38842
38843
38817
38643
38620
38534
38535
38521
38309
38278
38257
38253
38250
38214
38011
38013
37996
37929
37931
37919
37798
37786
37610
37544
37535
37474
37369
37367
37308
37306
37224
37221
37177
37173
37170
37140
37137
37047
37045
36996
36995
36868
36840
36842
36903
37235
37294
37297
37424
37425
37522
37544
37551
37558
37613
37789
37790
37794
37917
37924
37923
37989
38004
38209
38217
38239
38270
38274
38288
38507
38509
38521
38603
38605
38634
38826
38835
38843
38946
38978
39195
39217
39289
39319
39596
39841
39894
40141
40412
40432
40432
40731
40760
41052
41087
41386
41386
41406
41698
41822
41847
41933
42212
42228
42228
42532
42531
42546
42841
42946
42960
43004
43294
43295
43528
43583
43883
43883
44041
44165
44464
44465
44610
44761
44766
45063
45083
45200
45203
45426
45448
45449
45705
45702
45733
45816
45828
45841
46106
46122
46215
46213
46239
46436
46449
46451
46533
46540
46757
46777
46778
46915
47064
47069
47215
47363
47369
47513
47649
47839
47916
48173
48175
48199
48486
48503
48504
48547
48563
48816
48814
48843
48941
48940
48951
49145
49156
49224
49252
49466
49465
49483
49699
49705
49785
49797
49899
49900
49934
50109
50108
50131
50209
50222
50442
50487
50501
50500
50533
50686
50692
50868
50887
50889
50900
51050
51053
51055
51140
51141
51155
51205
51215
51216
51343
51345
51463
51508
51514
51535
51542
51542
51545
51545
51542
51542
51535
51521
51516
51489
51400
51393
51395
51276
51273
51192
51148
51135
51038
50815
50811
50785
50720
50705
50497
50472
50335
50297
50299
50130
50115
50114
50093
50059
49718
49577
49542
49373
49092
49081
49081
48788
48765
48765
48468
48457
48457
48176
48111
48112
48093
47986
47687
47665
47369
47349
47053
47032
46728
46641
46626
46558
46358
46358
46338
45900
45881
45881
45641
45641
45624
45328
45319
45298
45195
44916
44901
44607
44608
44570
44471
44468
44464
44447
44250
44241
44027
43986
43859
43843
43591
43587
43368
43363
43284
43278
43278
42979
42905
42902
42683
42458
42404
42110
41966
41966
41955
41803
41798
41495
41465
41430
41407
41382
41113
41098
41095
41003
41005
40976
40774
40772
40639
40622
40619
40454
40446
40312
40299
40144
40142
39993
39989
39609
39602
39532
39530
39399
39398
39383
39225
39221
39097
39079
38905
38888
38802
38792
38580
38558
38555
38536
38530
38505
38302
38303
38290
38223
38225
38216
38095
38086
37910
37863
37854
37811
37706
37705
37645
37644
37562
37560
37514
37511
37510
37480
37478
37388
37387
37386
37337
37336
37209
37190
37192
37235
37567
37630
37630
37757
37854
37866
37872
37879
37912
38088
38089
38091
38214
38219
38218
38284
38293
38498
38503
38525
38543
38555
38774
38775
38783
38865
38866
38885
39077
39085
39088
39191
39213
39430
39431
39444
39516
39540
39544
39812
39959
40012
40160
40431
40443
40443
40742
40761
41053
41076
41375
41375
41387
41679
41753
41778
41830
42109
42118
42119
42423
42423
42432
42727
42790
42804
42830
43120
43121
43351
43418
43418
43711
43711
43885
43885
44003
44302
44449
44600
44603
44891
44893
44913
45030
45032
45255
45268
45269
45525
45523
45526
45529
45542
45595
45605
45622
45887
45897
45990
45989
46007
46204
46212
46213
46289
46301
46518
46526
46671
46820
46823
46980
47121
47122
47277
47411
47595
47700
47950
47951
47973
48276
48286
48287
48330
48339
48592
48591
48611
48709
48708
48716
48910
48917
48993
49008
49222
49234
49450
49456
49533
49540
49661
49673
49848
49847
49862
49943
49949
50169
50196
50210
50209
50230
50379
50388
50564
50574
50576
50588
50738
50739
50740
50827
50828
50836
50886
50892
50893
51020
51022
51140
51166
51172
51185
51192
51192
51195
51195
51192
51192
51185
51177
51172
51156
51067
51062
51063
50944
50942
50861
50835
50822
50764
50541
50538
50522
50457
50447
50239
50223
50224
50087
50062
50063
49890
49883
49876
49875
49856
49842
49501
49417
49382
49281
49000
48989
48698
48683
48683
48386
48376
48096
48057
48058
48039
47975
47676
47661
47365
47353
47057
47044
46740
46688
46673
46632
46432
46419
45981
45969
45969
45729
45716
45420
45415
45394
45332
45053
45044
45043
44749
44750
44725
44626
44620
44610
44413
44408
44194
44194
44168
44041
44022
44019
43778
43775
43556
43553
43474
43470
43175
43094
43092
42873
42629
42586
42290
42146
42147
42138
41984
41982
41679
41665
41659
41638
41615
41600
41331
41321
41320
41228
41230
41210
41008
41006
40873
40862
40861
40696
40691
40551
40545
40390
40389
40242
40237
39857
39853
39783
39781
39640
39641
39637
39479
39476
39352
39340
39166
39167
39156
39076
39063
38851
38838
38835
38815
38813
38810
38795
38592
38593
38585
38518
38513
38392
38387
38211
38182
38173
38147
38042
38041
37982
37981
37899
37898
37852
37850
37849
37819
37818
37728
37728
37679
37678
37551
37539
37541
37567
37900
37961
37962
38089
38186
38191
38193
38200
38211
38387
38388
38511
38517
38579
38582
38787
38788
38810
38816
38820
38823
39042
39046
39128
39136
39328
39333
39436
39447
39448
39665
39670
39742
39754
40028
40077
40130
40179
40450
40455
40754
40763
41055
41064
41363
41368
41660
41684
41709
41727
42006
42010
42314
42317
42612
42633
42647
42656
42946
43179
43244
43544
43715
43842
44141
44290
44290
44439
44440
44734
44736
44743
44860
45083
45090
45336
45375
45386
45403
45668
45683
45763
45774
45971
45975
46054
46061
46278
46283
46427
46576
46732
46732
46880
46881
47041
47177
47367
47470
47727
47769
48065
48070
48113
48116
48369
48378
48473
48481
48675
48678
48757
48763
48971
48985
49201
49203
49281
49283
49404
49412
49587
49586
49592
49662
49663
49676
49896
49905
49914
49928
50080
50084
50260
50261
50263
50275
50425
50425
50514
50515
50517
50567
50570
50697
50698
50816
50825
50831
50835
50842
50842
50845
50845
50842
50842
50835
50832
50827
50822
50733
50731
50612
50611
50530
50522
50509
50489
50266
50265
50259
50207
50190
49982
49975
49838
49827
49654
49647
49637
49636
49633
49631
49626
49285
49257
49222
49188
48907
48895
48608
48599
48303
48291
48016
48002
48003
47984
47963
47664
47658
47362
47356
47060
47055
46751
46734
46719
46705
46505
46505
46500
46062
46056
45823
45809
45513
45511
45490
45469
45190
45184
44892
44880
44781
44773
44576
44575
44371
44349
44222
44213
43965
43964
43745
43743
43664
43659
43364
43283
43064
42819
42770
42469
42325
42322
42169
42167
41864
41859
41853
41846
41823
41818
41549
41545
41453
41443
41241
41108
41103
40938
40936
40794
40791
40636
40487
40485
40105
40104
39894
39890
39732
39731
39607
39602
39433
39423
39337
39334
39122
39118
39115
39093
39090
39085
38882
38879
38812
38810
38689
38687
38511
38501
38492
38484
38379
38379
38319
38237
38236
38190
38189
38159
38159
38069
38069
38020
37893
37889
37891
37900
31115
31122
31216
31234
31235
31235
31234
31199
31197
31111
31081
31123
31369
31375
31378
31417
31418
31446
31445
31622
31865
32284
32637
32905
32928
33141
33277
33327
33341
33344
33346
33356
33359
33359
33360
33360
33357
33348
33346
33342
33326
33223
33218
33068
32980
32944
32948
32848
32817
32717
32395
32380
32033
31703
31470
31466
31297
31240
31042
31039
31021
30792
30748
30745
30609
30613
30556
30552
30321
30044
29495
28902
28545
28488
27844
27179
26584
26315
26211
26211
25912
25758
25461
25307
25007
25007
24905
24634
23958
23295
22883
22829
22207
21621
21403
21391
20855
20595
20092
19811
19787
19032
18742
18705
18420
17794
17235
17202
16533
16004
15721
15615
15615
15318
15200
14903
14808
14506
14352
14195
14012
13758
13739
13741
13311
13032
13032
12988
12689
12690
12579
12284
12279
12000
11355
10510
10470
9909
9341
9095
8646
8259
7941
7645
7620
7471
7401
7411
7566
7623
7627
7701
7709
7785
7786
7791
7862
8070
8287
8307
8646
8662
8628
8517
8451
8268
7996
7987
7700
7598
7573
7473
7478
7435
7346
7145
7141
7126
7115
7084
7076
7071
7045
7055
7030
7013
7007
7005
7000
6999
6999
7001
7009
7011
7017
7035
7056
7049
7075
7087
7116
7230
7422
7808
7843
8207
8636
9124
9459
9727
9744
9849
9900
10094
10113
10341
10408
10434
10682
10902
10931
11087
11088
11112
11256
11295
11489
11495
11563
11564
11892
11926
11990
11995
12138
12430
12432
12538
12740
12784
12784
12824
12943
13099
13119
13378
13709
14069
14285
14386
14382
14446
14452
14498
14599
14798
14947
14940
15029
15241
15232
15457
15592
15588
15652
15879
15874
16158
16714
17452
17489
18127
18739
19017
19037
19415
19485
19485
19706
19745
20044
20065
20365
20382
20662
21339
21950
21992
22666
23395
23673
23998
24072
24073
24305
24934
25308
25336
25905
26267
26549
26546
26645
26881
26883
26886
26926
26944
26983
26982
27088
27339
27858
27870
28241
28389
28401
28537
28799
28980
28990
29102
29134
29134
29094
29052
29397
29410
29667
29826
29860
29992
30026
30097
30117
30114
30235
30389
30406
30408
30492
30504
30542
30554
30631
30645
30757
30761
30866
31115
30772
30779
30868
30884
30885
30885
30884
30851
30849
30768
30708
30697
30888
31121
31127
31130
31165
31166
31194
31192
31359
31602
32008
32347
32580
32603
32808
32936
32977
32991
32994
32996
33006
33009
33009
33010
33010
33008
32999
32997
32993
32977
32880
32875
32734
32646
32612
32616
32516
32487
32387
32085
32070
31732
31433
31200
31196
31038
30981
30794
30774
30545
30450
30373
30377
30320
30316
30100
29823
29289
28414
28357
27733
27087
26569
26300
26202
26202
25903
25758
25461
25316
25016
25016
24920
24649
23994
23352
23005
22951
22348
21783
21468
21314
21084
20605
20345
19609
19585
18875
18551
18266
17658
17152
17119
16471
15994
15711
15612
15612
15315
15203
14906
14817
14515
14270
13939
13858
13813
13794
13795
13391
13112
13112
13071
12772
12773
12668
12373
12369
12090
11465
10690
10650
10107
9589
9343
8909
8538
8235
7981
7956
7813
7749
7764
7906
7963
7967
8041
8048
8124
8129
8200
8404
8600
8620
8949
9092
9068
8981
8941
8921
8810
8747
8564
8309
8300
8030
7928
7905
7805
7809
7769
7680
7492
7488
7473
7463
7432
7425
7419
7393
7403
7380
7363
7357
7355
7350
7349
7349
7351
7359
7361
7366
7384
7404
7397
7423
7435
7464
7575
7765
8114
8149
8503
8922
9399
9667
9935
9951
10056
10104
10298
10316
10539
10612
10635
10905
10945
11112
11139
11295
11296
11318
11462
11499
11753
11769
12076
12110
12175
12309
12601
12603
12703
12905
12994
13084
13143
13134
13134
13174
13293
13430
13450
13702
14026
14343
14559
14653
14649
14713
14720
14744
14857
15056
15197
15191
15280
15479
15470
15695
15823
15819
15883
16096
16091
16375
16915
17591
17628
18247
18802
19080
19098
19476
19544
19543
19764
19800
20099
20119
20419
20436
20716
21371
21926
21968
22620
23285
23539
23889
23959
23960
24192
24801
25135
25163
25713
26037
26319
26315
26425
26634
26635
26638
26653
26691
26730
26729
26829
27080
27567
27579
27927
28075
28086
28222
28475
28639
28649
28756
28784
28784
28744
28681
29104
29117
29358
29517
29549
29681
29713
29780
29800
29797
29911
30065
30082
30083
30167
30178
30216
30227
30304
30317
30429
30433
30538
30772
30428
30435
30521
30534
30535
30535
30534
30503
30501
30425
30365
30354
30310
30371
30654
30874
30880
30883
30913
30914
30942
30941
31097
31340
31731
32056
32255
32278
32475
32595
32628
32642
32645
32646
32656
32659
32659
32660
32660
32658
32649
32647
32643
32627
32536
32531
32400
32312
32280
32284
32184
32157
32057
31774
31759
31431
31163
30930
30926
30778
30721
30547
30544
30528
30299
30253
30250
30138
30141
30084
30080
29878
29601
29084
28283
28226
27622
26997
26553
26284
26193
26193
25894
25758
25461
25326
25026
25026
24935
24664
24031
23126
23072
22490
21945
21686
21408
21324
21321
21246
21217
21130
20779
20356
20096
19406
19382
18719
18397
18112
17523
17070
17037
16410
15984
15701
15608
15608
15311
15207
14910
14827
14525
14415
14327
14184
13867
13848
13851
13472
13193
13193
13154
12855
12856
12758
12463
12459
12180
11576
10870
10830
10305
9838
9592
9173
8817
8530
8317
8292
8155
8097
8119
8245
8306
8307
8381
8387
8463
8468
8539
8737
8913
8933
9253
9526
9409
9357
9270
9234
9232
9213
9102
9044
8861
8622
8613
8361
8259
8237
8137
8141
8103
8014
7838
7834
7820
7810
7779
7772
7768
7742
7750
7729
7712
7706
7705
7700
7699
7699
7701
7709
7711
7716
7734
7753
7746
7772
7783
7812
7921
8108
8420
8455
8798
9206
9875
10143
10263
10308
10502
10519
10742
10815
10837
11115
11321
11347
11503
11504
11524
11668
11702
11970
11981
12260
12294
12350
12355
12481
12773
12775
12868
13070
13153
13243
13477
13474
13504
13501
13484
13484
13524
13643
13761
13781
14026
14343
14616
14832
14921
14917
14981
14988
15003
15116
15315
15446
15441
15530
15717
15708
15933
16053
16049
16113
16313
16308
16592
17116
17730
17767
18366
18865
19143
19160
19538
19601
19601
19822
19856
20155
20173
20473
20489
20769
21403
21901
21943
22574
23175
23453
23781
23846
23847
24079
24668
24961
24989
25521
25807
26089
26085
26204
26387
26388
26391
26414
26437
26476
26475
26569
26820
27276
27288
27613
27761
27772
27908
28151
28298
28308
28410
28434
28434
28394
28307
28348
28810
28823
29049
29208
29238
29370
29400
29463
29483
29480
29586
29740
29755
29757
29841
29852
29890
29900
29977
29989
30101
30105
30210
30428
30085
30092
30184
30185
30185
30184
30155
30153
30083
30023
30012
29946
29937
29921
30137
30420
30620
30632
30635
30661
30662
30690
30689
30835
31078
31454
31764
31929
31952
32141
32278
32292
32295
32296
32306
32309
32309
32310
32310
32308
32299
32297
32294
32278
32193
32188
32065
31977
31947
31951
31851
31826
31726
31463
31448
31131
30894
30661
30657
30519
30462
30299
30281
30052
29957
29902
29905
29848
29844
29656
29379
28879
28152
28095
27511
26908
26538
26269
26183
26183
25884
25758
25461
25335
25035
25035
24951
24680
24069
23248
23194
22633
21903
21625
21547
21544
21469
21304
21300
21105
21090
20816
20473
20106
19846
19204
19180
18562
18242
17957
17389
16987
16954
16349
15975
15692
15605
15605
15308
15210
14913
14836
14534
14288
14069
13982
13922
13903
13904
13552
13273
13273
13237
12938
12939
12847
12552
12549
12270
11687
11050
11010
10505
10086
9840
9437
9097
8826
8654
8629
8498
8446
8474
8585
8643
8646
8720
8727
8803
8807
8878
9071
9226
9246
9556
9925
9970
9900
9695
9646
9559
9526
9506
9395
9340
9157
8935
8926
8691
8589
8569
8469
8472
8437
8348
8184
8180
8167
8158
8127
8121
8116
8090
8097
8078
8061
8056
8055
8050
8049
8049
8051
8059
8061
8065
8083
8101
8095
8121
8130
8159
8266
8451
8726
8761
9093
9490
10083
10351
10365
10470
10512
10706
10721
10949
10950
11018
11038
11308
11530
11554
11710
11711
11730
11874
11906
12174
12182
12444
12478
12530
12535
12652
12944
12946
13033
13235
13313
13403
13621
13618
13888
13848
13834
13834
13874
13993
14092
14112
14350
14659
14889
15105
15189
15185
15249
15256
15261
15374
15573
15696
15691
15780
15954
15946
16171
16284
16280
16344
16531
16526
16810
17315
17869
17906
18484
18928
19206
19222
19600
19659
19659
19880
19911
20210
20228
20528
20542
20822
21434
21876
21918
22526
23065
23322
23672
23733
23734
23966
24787
24815
25328
25577
25859
25846
26137
26140
26143
26167
26184
26223
26221
26309
26560
26984
26996
27300
27448
27457
27593
27827
27957
27967
28063
28084
28084
28044
27929
28087
28517
28530
28740
28899
28927
29059
29087
29145
29165
29162
29262
29416
29430
29432
29516
29525
29563
29573
29650
29662
29774
29777
29882
30085
29742
29749
29834
29835
29835
29834
29807
29805
29740
29680
29670
29604
29595
29530
29903
30186
30373
30385
30388
30410
30438
30437
30572
30815
31176
31470
31604
31627
31807
31929
31943
31945
31947
31957
31959
31959
31960
31960
31958
31949
31947
31944
31928
31850
31845
31731
31643
31615
31619
31519
31496
31396
31152
31137
30830
30624
30391
30387
30259
30202
30052
30049
30035
29806
29758
29755
29667
29670
29613
29610
29434
29157
28675
28021
27964
27402
26820
26522
26253
26174
25875
25758
25461
25344
25044
24966
24695
24108
23369
23315
22776
22120
21842
21770
21767
21692
21539
21536
21317
21321
21144
21052
20968
20959
20794
20768
20503
20169
19856
19596
19002
18978
18406
18088
17803
17256
16905
16872
16289
15965
15682
15601
15601
15304
15214
14917
14845
14543
14468
14412
14296
13977
13958
13961
13633
13354
13354
13320
13021
13022
12937
12642
12638
12359
11799
11230
11190
10705
10335
10089
9702
9379
9125
8990
8965
8841
8795
8830
8925
8981
8986
9060
9066
9142
9146
9217
9404
9539
9559
9858
10188
10431
10185
9980
9935
9848
9817
9815
9798
9687
9637
9454
9248
9239
9022
8920
8901
8801
8803
8771
8682
8530
8526
8514
8506
8475
8469
8465
8439
8446
8428
8411
8406
8405
8400
8399
8399
8401
8409
8411
8415
8433
8450
8443
8469
8478
8507
8612
8794
9032
9067
9388
9773
10291
10559
10572
10677
10716
10910
10924
11152
11221
11240
11511
11551
11740
11762
11918
11918
11936
12080
12110
12378
12384
12628
12662
12710
12715
12824
13116
13118
13198
13400
13472
13562
13765
13762
14064
14115
14114
14272
14195
14184
14184
14224
14423
14443
14673
14974
15163
15379
15457
15453
15517
15523
15633
15832
15946
15941
16030
16191
16184
16409
16514
16510
16574
16748
16743
17027
17514
18008
18045
18602
18992
19270
19284
19662
19717
19717
19938
19967
20266
20282
20582
20595
20875
21464
21851
21893
22478
22956
23214
23564
23621
23621
23853
24614
24642
25347
25629
25616
25890
25893
25896
25922
25930
25969
25968
26049
26300
26693
26705
26986
27134
27143
27279
27502
27615
27625
27717
27734
27734
27694
27531
27577
27825
28223
28236
28431
28590
28616
28748
28774
28828
28848
28845
28938
29092
29105
29106
29190
29199
29237
29246
29323
29334
29446
29449
29554
29742
29399
29406
29484
29485
29485
29484
29459
29457
29397
29337
29329
29263
29254
29185
29175
29177
29134
29219
29241
29668
29951
30126
30137
30140
30158
30159
30187
30186
30310
30553
30898
31279
31302
31473
31579
31593
31595
31597
31607
31609
31609
31610
31610
31608
31599
31598
31595
31579
31507
31502
31397
31309
31283
31287
31187
31165
31065
30841
30826
30531
30354
30121
30118
30000
29943
29804
29801
29789
29560
29483
29431
29434
29377
29373
29212
28935
28472
27890
27833
27294
26506
26237
26165
26165
25866
25758
25461
25354
25054
25054
24982
24711
24148
23491
23437
22920
22337
22059
21993
21990
21915
21774
21771
21552
21556
21393
21301
21224
21019
21023
20892
20822
20751
20742
20621
20471
20445
20189
19865
19606
19346
18800
18776
18249
17959
17934
17649
17123
16822
16789
15955
15672
15598
15598
15301
15217
14920
14854
14552
14294
14153
14085
14031
14012
14013
13713
13434
13434
13403
13104
13105
13026
12731
12728
12449
11913
11410
11370
10906
10583
10337
9967
9661
9426
9327
9302
9184
9145
9186
9264
9320
9325
9399
9405
9481
9485
9556
9852
9872
10161
10451
10701
10706
10900
10470
10265
10223
10136
10106
10091
9980
9933
9750
9561
9552
9352
9250
9233
9133
9135
9105
9016
8876
8872
8861
8854
8823
8818
8814
8788
8793
8777
8760
8756
8755
8750
8749
8749
8750
8758
8760
8764
8782
8798
8792
8818
8826
8855
8957
9136
9338
9373
9682
10056
10499
10767
10779
10884
10920
11114
11127
11355
11424
11441
11733
11949
11970
12126
12143
12287
12314
12582
12587
12812
12846
12890
12895
12995
13287
13288
13363
13565
13631
13721
13908
13905
14207
14255
14254
14527
14668
14689
14628
14620
14534
14534
14574
14754
14774
14996
15436
15652
15724
15720
15784
15790
15891
16090
16195
16191
16280
16429
16423
16648
16745
16741
16805
16966
16961
17245
17713
18146
18183
18719
19055
19333
19346
19724
19774
19774
19995
20022
20321
20336
20636
20648
20928
21493
21826
21868
22429
22846
23106
23456
23508
23508
23740
24440
24468
25117
25399
25387
25643
25645
25648
25668
25676
25715
25714
25789
26040
26402
26414
26672
26820
26829
26965
27177
27274
27284
27370
27384
27384
27344
27171
27152
27137
27140
27147
27185
27178
27194
27315
27563
27930
27943
28122
28281
28304
28436
28459
28461
28511
28531
28528
28613
28767
28779
28780
28864
28873
28911
28919
28996
29006
29118
29121
29226
29399
29056
29063
29134
29135
29135
29134
29112
29110
29055
28995
28987
28921
28913
28844
28835
28836
28766
28758
28734
29022
29044
29434
29717
29880
29890
29907
29935
29934
30048
30291
30619
30953
30976
31138
31230
31244
31246
31247
31257
31259
31259
31260
31260
31258
31249
31248
31245
31229
31164
31159
31063
30975
30951
30955
30855
30835
30735
30530
30515
30084
29851
29848
29740
29683
29557
29554
29542
29313
29263
29260
29195
29198
29141
29138
28990
28713
28270
27759
27702
27186
26491
26222
26155
26155
25856
25758
25461
25363
25063
25063
24997
24726
24188
23613
23559
23066
22554
22276
22215
22213
22138
22009
22007
21788
21790
21641
21549
21479
21274
21276
21158
21088
21010
21006
20783
20472
20460
20452
20435
20435
20434
20392
20271
20148
20122
19876
19562
19356
19096
18597
18573
18093
17779
17494
16740
16707
15945
15662
15594
15297
15221
14924
14864
14562
14487
14447
14357
14086
14067
14069
13794
13515
13486
13187
13188
13116
12821
12818
12539
12027
11590
11550
11107
10832
10586
10234
9946
9663
9638
9527
9495
9544
9604
9661
9665
9739
9744
9818
9823
9894
10165
10185
10462
10714
10964
10966
11178
11204
11211
11307
11422
11172
11150
10755
10550
10512
10425
10399
10383
10272
10230
10047
9874
9865
9683
9581
9565
9465
9466
9439
9350
9223
9219
9209
9202
9171
9166
9162
9136
9141
9127
9110
9106
9105
9100
9099
9099
9100
9108
9110
9113
9131
9146
9140
9166
9174
9203
9302
9478
9643
9678
9976
10337
10707
10975
10986
11091
11124
11318
11329
11557
11557
11627
11643
11944
11972
12159
12177
12333
12334
12349
12493
12518
12786
12788
12996
13030
13075
13166
13458
13459
13528
13730
13790
13880
14052
14049
14351
14395
14394
14667
14796
14819
15124
14971
14963
14884
14884
14924
15085
15105
15319
15709
15925
15991
15988
16052
16056
16150
16349
16446
16442
16531
16667
16661
16886
16975
16971
17035
17183
17178
17462
17910
18285
18322
18834
19118
19396
19408
19786
19832
19832
20053
20077
20376
20390
20690
20701
20981
21521
21801
21843
22379
22736
23014
23347
23395
23396
23628
24266
24294
24887
25169
25159
25396
25398
25423
25462
25461
25530
25781
26111
26123
26359
26507
26514
26650
26852
26933
26943
27023
27034
27034
26994
26839
26820
26725
26890
26896
26934
26927
26931
27054
27302
27636
27649
27813
27972
27993
28125
28146
28148
28193
28213
28211
28289
28443
28454
28455
28539
28546
28584
28592
28669
28678
28790
28792
28897
29056
28712
28719
28784
28785
28785
28784
28764
28762
28712
28652
28645
28579
28572
28503
28495
28496
28426
28425
28418
28387
28365
28369
28330
28325
28410
28825
28847
29200
29483
29633
29642
29645
29654
29655
29683
29682
29786
30029
30339
30628
30651
30803
30880
30894
30896
30897
30907
30909
30909
30910
30910
30908
30899
30898
30896
30880
30820
30815
30729
30641
30619
30622
30522
30505
30405
30219
30204
29814
29581
29579
29481
29424
29309
29296
29067
29015
29012
28960
28962
28905
28903
28769
28492
28069
27628
27571
27080
26475
26206
26146
26146
25847
25758
25461
25372
25072
25072
25013
24742
24230
23734
23680
23212
22772
22494
22439
22436
22361
22244
22242
22023
22025
21890
21798
21735
21530
21531
21424
21354
21283
21280
21057
20775
20764
20756
20690
20684
20677
20678
20653
20513
20514
20501
20366
20130
20122
20053
19847
19813
19813
19517
19597
19600
19738
19988
19996
20084
20085
20085
20084
20042
19921
19825
19799
19564
19106
18846
18395
18371
17936
17646
17625
17340
16657
16624
15935
15652
15591
15294
15224
14927
14873
14571
14288
14190
14153
14140
14121
14121
13875
13596
13596
13569
13270
13270
13205
12910
12908
12629
12142
11770
11730
11310
11080
10834
10501
10232
9999
9974
9871
9847
9944
10000
10005
10079
10083
10157
10162
10233
10478
10498
10764
10976
11226
11228
11420
11446
11452
11540
11825
11974
11846
11420
11398
11040
10835
10801
10714
10690
10688
10676
10565
10527
10344
10187
10178
10013
9911
9897
9797
9798
9773
9684
9569
9565
9556
9550
9519
9514
9511
9485
9488
9476
9459
9455
9454
9449
9449
9450
9458
9460
9463
9481
9495
9489
9515
9522
9551
9647
9820
9949
9984
10269
10616
10915
11183
11193
11298
11327
11521
11532
11760
11844
12139
12368
12385
12541
12555
12699
12722
12931
12937
12963
12990
12990
13180
13214
13250
13255
13338
13630
13631
13693
13895
13950
14040
14196
14193
14495
14534
14533
14806
14923
14946
15245
15252
15582
15500
15313
15305
15234
15234
15274
15416
15436
15641
15983
16199
16260
16256
16320
16324
16408
16607
16696
16692
16781
16904
16899
17124
17205
17201
17265
17399
17395
17679
18107
18424
18461
19181
19459
19470
19848
19890
19890
20111
20133
20432
20444
20744
20754
21034
21776
21818
22328
22626
22889
23239
23283
23283
23515
24093
24121
24657
24939
24930
25149
25150
25159
25169
25208
25207
25270
25521
25820
25832
26045
26193
26200
26336
26591
26601
26684
26684
26644
26508
26489
26306
26481
26640
26645
26683
26678
26691
26792
27040
27343
27356
27504
27663
27682
27814
27833
27835
27876
27896
27894
27965
28119
28129
28213
28220
28258
28265
28342
28350
28462
28464
28569
28712
28369
28376
28434
28435
28435
28434
28416
28414
28369
28309
28303
28237
28231
28162
28154
28155
28085
28083
28079
28048
28028
28032
27987
27979
27919
27917
27914
27912
27963
28256
28628
28650
28965
29248
29387
29395
29398
29523
29766
30058
30302
30325
30467
30531
30545
30547
30557
30559
30559
30560
30560
30559
30550
30548
30546
30530
30477
30472
30395
30307
30287
30290
30190
30174
30074
29908
29893
29544
29311
29309
29221
29164
29062
29059
29049
28820
28768
28765
28724
28726
28669
28667
28547
28270
27869
27497
27440
26975
26460
26191
26137
26137
25838
25758
25461
25382
25082
25082
25028
24757
24274
23856
23802
23360
22989
22711
22661
22659
22584
22479
22477
22258
22259
22139
22047
21990
21785
21793
21690
21620
21557
21554
21331
21078
21068
21060
20967
20827
20828
20817
20682
20471
20463
20384
20383
20187
20136
20136
19838
19807
19807
19508
19478
19179
19169
18916
18963
18977
19137
19283
19285
19423
19647
19655
19734
19735
19735
19734
19692
19503
19477
19252
18857
18597
18193
18169
17779
17471
17186
16575
16542
15925
15642
15587
15290
15228
14931
14882
14580
14485
14433
14346
14195
14176
14177
13955
13676
13676
13652
13353
13353
13295
13000
12997
12718
12259
11950
11910
11514
11329
11083
10769
10520
10336
10311
10215
10198
10283
10343
10344
10418
10422
10495
10501
10572
10791
10811
11064
11239
11453
11458
11476
11489
11490
11663
11689
11694
11773
12058
12366
12388
12592
12567
12518
12516
12389
12335
12049
11667
11645
11325
11120
11090
11003
10982
10980
10968
10857
10823
10640
10500
10491
10343
10241
10229
10129
10134
10107
10018
9915
9911
9903
9897
9866
9862
9860
9834
9837
9826
9809
9805
9804
9799
9799
9800
9808
9809
9812
9830
9843
9838
9864
9870
9899
9992
10255
10290
10561
10895
11123
11391
11400
11505
11531
11725
11735
11963
12033
12046
12347
12380
12578
12593
12749
12761
12905
12925
13193
13202
13364
13398
13430
13435
13509
13801
13802
13858
14060
14109
14199
14339
14336
14638
14674
14673
14946
15051
15074
15341
15348
15723
15747
15963
15979
16059
15946
15941
15823
15656
15648
15584
15584
15624
15747
15767
15963
16256
16472
16527
16523
16587
16590
16667
16866
16945
16942
17031
17142
17137
17362
17435
17432
17496
17617
17613
17897
18302
18563
18600
19244
19522
19532
19910
19948
19948
20169
20188
20487
20499
20799
20807
21087
21751
21793
22275
22516
22780
23130
23170
23170
23402
23919
23947
24427
24709
24700
24902
24903
24916
24955
25010
25261
25528
25540
25731
25879
25885
26021
26250
26260
26334
26334
26294
26176
26157
25963
25853
25962
26247
26390
26395
26433
26428
26433
26531
26779
27049
27062
27195
27354
27371
27503
27520
27522
27558
27578
27576
27640
27794
27803
27804
27888
27894
27932
27938
28015
28022
28134
28136
28241
28369
28026
28033
28084
28085
28085
28084
28068
28066
28027
27967
27961
27895
27890
27821
27814
27815
27745
27743
27739
27708
27690
27694
27649
27642
27582
27581
27578
27494
27523
27810
28103
28431
28453
28731
29014
29140
29147
29151
29179
29261
29504
29776
29977
30000
30131
30181
30195
30197
30198
30208
30209
30209
30210
30210
30209
30200
30199
30197
30181
30134
30129
30061
29973
29955
29958
29858
29844
29744
29598
29583
29275
29042
29040
28962
28905
28814
28803
28574
28520
28517
28488
28490
28433
28431
28325
28048
27670
27366
27309
26871
26444
26175
26127
26127
25828
25758
25461
25391
25091
25091
25044
24773
24319
23977
23923
23509
23206
22928
22884
22882
22807
22715
22713
22494
22503
22388
22296
22246
22041
22048
21957
21887
21831
21828
21605
21380
21372
21364
21313
21310
21303
21282
21142
21144
21133
20998
20812
20804
20734
20733
20733
20520
20471
20471
20172
20126
19828
19801
19801
19502
19476
19177
19168
18569
18550
18173
18388
18668
18682
18823
18969
18971
19109
19306
19314
19384
19385
19385
19384
19342
19180
19154
18941
18607
18347
17990
17966
17623
17333
17316
17031
16492
16459
15915
15632
15584
15287
15231
14934
14891
14589
14250
14231
14233
14036
13757
13757
13735
13436
13437
13384
13089
13087
12808
12377
12130
12090
11577
11331
11039
10811
10672
10647
10560
10551
10623
10683
10684
10758
10761
10837
10838
10840
10911
11104
11124
11502
11734
11743
11906
11932
11937
12007
12292
12563
12585
12900
13195
13212
13294
13239
12951
12952
12929
12758
12714
12712
12585
12538
12252
11915
11893
11610
11405
11378
11291
11273
11261
11150
11120
10937
10813
10804
10674
10572
10561
10461
10465
10441
10352
10261
10257
10250
10245
10214
10211
10208
10182
10184
10175
10158
10155
10154
10149
10149
10150
10158
10159
10162
10180
10192
10186
10212
10218
10247
10336
10561
10596
10853
11331
11599
11607
11712
11735
11929
11938
12163
12236
12247
12548
12570
12787
12800
12956
12957
12967
13111
13129
13397
13404
13548
13582
13610
13615
13681
13973
13974
14023
14225
14268
14358
14483
14480
14782
14814
14813
15086
15178
15201
15437
15444
15819
15840
15840
16056
16070
16368
16391
16391
16546
16553
16493
16496
16469
16423
16424
16394
16268
16263
16145
15998
15990
15934
15934
15974
16077
16097
16284
16529
16745
16779
16794
16791
16855
16857
16925
17124
17195
17192
17281
17379
17375
17600
17666
17662
17726
17834
17830
18114
18702
18739
19307
19585
19594
19972
20006
20006
20227
20244
20543
20553
20853
20861
21141
21726
21768
22406
22672
23022
23057
23057
23289
23745
23773
24197
24479
24472
24662
24701
24700
24750
25001
25237
25249
25418
25566
25571
25707
25909
25919
25984
25984
25944
25845
25826
25641
25407
25378
25445
25461
25728
26013
26140
26144
26182
26177
26181
26269
26517
26756
26769
26886
27045
27060
27192
27207
27209
27241
27261
27260
27316
27470
27477
27478
27562
27567
27605
27611
27688
27694
27806
27808
27913
28026
27683
27690
27734
27735
27735
27734
27720
27718
27684
27624
27619
27553
27548
27479
27473
27474
27404
27402
27399
27368
27353
27356
27311
27309
27305
27245
27241
27134
27132
27068
27369
27656
27949
28234
28256
28497
28780
28894
28900
28928
28999
29242
29493
29652
29675
29794
29832
29846
29847
29848
29858
29859
29859
29860
29860
29859
29850
29849
29848
29832
29791
29786
29727
29639
29623
29626
29526
29514
29414
29287
29272
29005
28772
28770
28702
28645
28567
28557
28328
28273
28270
28253
28254
28197
28196
28103
27826
27473
27235
27178
26770
26428
26159
26118
25819
25758
25461
25400
25100
25059
24788
24366
24099
24045
23661
23423
23145
23106
23105
23030
22950
22948
22729
22737
22637
22545
22501
22296
22302
22223
22153
22104
22101
21878
21683
21676
21668
21597
21457
21458
21449
21314
21152
21144
21084
21083
21083
21084
21091
20790
20725
20725
20499
20456
20456
20157
20117
19819
19795
19795
19496
19473
19174
19167
18568
18551
17951
17944
17646
17622
17323
17323
17299
17250
17377
17647
17640
17806
17809
17877
18130
18372
18386
18509
18655
18656
18794
18966
18974
19034
19035
19035
19034
18992
18857
18831
18630
18357
18097
17788
17764
17466
17162
16877
16410
16377
15905
15622
15580
15283
15235
14938
14901
14599
14427
14373
14329
14304
14285
14285
14116
13837
13837
13818
13519
13520
13473
13178
13177
12898
12311
12271
11826
11580
11309
11105
11008
10983
10905
10905
10962
11022
11023
11097
11101
11177
11179
11250
11417
11437
11764
12014
12022
12075
12148
12174
12178
12240
12525
12760
12782
13055
13350
13365
13651
14109
14142
14254
13913
13648
13630
13427
13139
13140
13119
12948
12910
12908
12781
12740
12454
12162
12140
11896
11691
11667
11580
11562
11553
11442
11416
11233
11126
11117
11004
10902
10892
10792
10796
10775
10686
10608
10604
10598
10593
10562
10559
10557
10531
10539
10525
10508
10505
10504
10499
10499
10500
10508
10509
10511
10529
10543
10535
10561
10566
10595
10681
10867
10902
11143
11539
11807
11814
11919
11939
12133
12140
12368
12439
12449
12734
12787
12997
13008
13164
13164
13174
13318
13333
13601
13605
13732
13766
13796
13852
14144
14145
14188
14390
14428
14518
14629
14624
14926
14954
14953
15226
15306
15329
15533
15538
15538
15915
15934
16150
16162
16460
16480
16480
16635
16650
16790
16808
17062
16961
16922
16808
16811
16788
16742
16743
16717
16591
16586
16468
16341
16333
16284
16284
16324
16408
16428
16604
16803
17019
17064
17059
17123
17131
17184
17383
17445
17443
17532
17618
17614
17839
17896
17893
17957
18051
18047
18331
18841
18878
19370
19648
19656
20034
20063
20063
20284
20299
20598
20607
20907
20914
21194
21701
21743
22296
22574
22914
22944
22944
23176
23572
23600
23967
24249
24243
24408
24411
24491
24742
24946
24958
25104
25252
25257
25393
25567
25577
25634
25634
25594
25513
25494
25320
25132
24916
24869
24871
24854
25080
25247
25263
25494
25779
25889
25893
25931
25927
25937
26007
26255
26462
26475
26577
26736
26749
26881
26896
26924
26944
26942
26991
27145
27151
27152
27236
27241
27279
27284
27361
27366
27478
27480
27585
27683
27340
27347
27384
27385
27385
27384
27372
27370
27342
27282
27277
27211
27207
27138
27133
27134
27064
27062
27059
27028
27014
27018
26973
26972
26968
26908
26907
26905
26796
26795
26713
26595
26779
26813
27216
27503
27796
28036
28058
28263
28546
28643
28648
28676
28675
28737
28980
29208
29326
29349
29456
29482
29496
29497
29498
29508
29509
29509
29510
29510
29509
29500
29499
29498
29482
29448
29443
29393
29305
29291
29293
29193
29183
29083
28976
28961
28735
28502
28501
28442
28385
28319
28310
28081
28025
28017
28018
27961
27960
27881
27604
27104
27047
26671
26413
26144
26108
25809
25758
25461
25410
25110
25075
24804
24416
24220
24166
23815
23640
23362
23329
23328
23253
23185
23183
22964
22970
22885
22793
22757
22552
22556
22489
22419
22377
22375
22152
21985
21980
21972
21942
21936
21929
21912
21772
21765
21630
21493
21485
21434
21433
21433
21434
21475
21498
21466
21166
21127
20758
20703
20703
20477
20441
20441
20142
20108
19810
19789
19789
19490
19471
19172
19165
18566
18553
17953
17946
17648
17628
17329
17329
17308
17010
16976
16677
16677
16641
16415
16415
16355
15985
15956
15657
15616
15305
15022
15008
14958
14682
14652
14651
14438
14438
14409
14029
13804
13786
13615
13327
13327
13310
13139
13106
13105
12978
12943
12657
12410
12388
12181
11976
11956
11869
11855
11853
11846
11735
11713
11530
11439
11430
11335
11233
11224
11124
11128
11110
11021
10954
10950
10944
10941
10910
10907
10906
10880
10886
10874
10857
10855
10854
10849
10849
10850
10858
10860
10878
10890
10884
10910
10914
10943
11025
11173
11208
11432
11747
12015
12021
12126
12143
12337
12343
12569
12642
12651
12952
12977
13206
13216
13372
13380
13524
13537
13805
13807
13915
13949
13971
13976
14023
14315
14315
14353
14555
14587
14677
14772
14768
15070
15094
15093
15366
15434
15457
15629
15635
16012
16028
16244
16254
16552
16570
16570
16725
16738
16876
16893
17194
17486
17492
17589
17497
17467
17462
17413
17386
17385
17263
17266
17238
17124
17125
17106
17060
17061
17039
16913
16909
16791
16683
16675
16634
16634
16674
16739
16759
16924
17076
17292
17330
17327
17391
17397
17442
17641
17695
17693
17782
17855
17852
18077
18128
18123
18187
18269
18265
18549
18980
19017
19434
19712
19718
20096
20121
20121
20342
20355
20654
20661
20961
20967
21247
21676
21718
22186
22464
22464
22805
22832
22832
23064
23398
23426
23736
24018
24013
24155
24194
24193
24231
24482
24655
24667
24790
24938
24942
25078
25226
25236
25284
25284
25244
25182
25163
25000
24856
24640
24600
24602
24543
24541
24502
24312
24311
24303
24320
24317
24363
24575
24575
24607
24907
25049
25065
25260
25545
25640
25643
25681
25678
25746
25994
26169
26182
26268
26427
26438
26570
26581
26583
26606
26626
26625
26667
26821
26826
26827
26911
26915
26953
26957
27034
27038
27150
27152
27257
27340
26996
27003
27034
27035
27035
27034
27024
27022
26999
26939
26935
26869
26866
26797
26793
26723
26722
26720
26689
26677
26680
26635
26634
26631
26571
26569
26460
26459
26377
26237
26219
26034
25975
26074
26087
26366
26699
26733
27063
27350
27643
27839
27861
28028
28311
28392
28396
28408
28474
28717
28921
29001
29024
29133
29147
29148
29158
29159
29159
29160
29160
29159
29150
29149
29133
29104
29099
29058
28970
28959
28961
28861
28853
28753
28665
28650
28465
28232
28231
28183
28126
28072
28064
27835
27781
27782
27725
27724
27659
27382
26973
26916
26575
26397
26128
26099
25800
25758
25461
25419
25119
25090
24819
24342
24288
23858
23580
23552
23551
23476
23420
23419
23200
23205
23134
23042
23012
22807
22809
22755
22685
22650
22649
22426
22288
22284
22276
22226
22086
22087
22080
21945
21834
21826
21784
21783
21783
21784
21870
21889
22093
22030
21931
21918
21762
21454
21428
21128
21096
20727
20681
20681
20455
20425
20425
20126
20064
19800
19783
19783
19484
19469
19170
19164
18565
18554
17954
17948
17650
17634
17335
17335
17318
17054
16992
16693
16693
16663
16437
16437
16387
16017
15993
15694
15661
15350
15118
15104
15063
14787
14763
14762
14561
14525
14145
13961
13943
13802
13514
13500
13329
13302
13301
13174
13145
12859
12657
12635
12466
12261
12245
12158
12147
12139
12028
12009
11826
11752
11743
11665
11563
11556
11456
11460
11444
11355
11300
11296
11291
11289
11258
11256
11254
11228
11233
11223
11206
11205
11204
11199
11199
11200
11208
11210
11228
11238
11232
11258
11261
11290
11369
11479
11514
11720
11955
12223
12228
12333
12347
12541
12546
12772
12845
12852
13153
13173
13415
13423
13579
13586
13730
13741
14009
14016
14099
14133
14151
14156
14195
14487
14487
14518
14720
14746
14836
14914
14911
15213
15234
15233
15506
15561
15584
15731
16108
16121
16121
16337
16346
16644
16659
16659
16814
16825
16965
16965
16977
17272
17572
17577
17877
18019
18019
18135
18091
17929
17923
17799
17775
17770
17721
17699
17698
17575
17576
17554
17440
17425
17379
17361
17235
17232
17114
17026
17018
16984
16984
17070
17090
17243
17349
17565
17597
17594
17658
17664
17701
17900
17945
17943
18032
18093
18090
18315
18357
18354
18418
18486
18482
18766
19119
19156
19497
19775
19780
20158
20179
20179
20400
20410
20709
20715
21015
21020
21300
21651
21693
22076
22347
22347
22697
22719
22951
23224
23252
23506
23788
23784
23901
23940
23971
24222
24363
24375
24477
24625
24628
24764
24885
24895
24934
24934
24850
24831
24580
24364
24331
24332
24273
24240
24050
24037
24032
24023
23955
23709
23987
23983
24077
24161
24159
24196
24408
24406
24434
24734
24850
24866
25026
25311
25389
25392
25430
25427
25430
25484
25732
25876
25889
25959
26118
26127
26259
26270
26289
26309
26308
26343
26497
26501
26585
26588
26626
26630
26707
26711
26823
26824
26929
26996
26653
26660
26684
26685
26685
26684
26677
26675
26656
26596
26594
26528
26525
26456
26452
26453
26383
26382
26380
26349
26340
26342
26297
26294
26234
26233
26232
26125
26123
26041
25932
25914
25770
25527
25521
25443
25406
25405
25391
25131
25156
25437
25448
25746
25772
26070
26081
26360
26619
26653
26909
27196
27489
27642
27664
27794
28077
28141
28144
28172
28212
28455
28676
28699
28783
28797
28799
28799
28808
28809
28809
28810
28810
28809
28800
28799
28783
28761
28756
28724
28636
28627
28629
28529
28522
28422
28354
28339
28195
27962
27961
27923
27866
27824
27817
27588
27546
27547
27490
27489
27437
27160
26842
26785
26382
26113
26090
26090
25791
25428
25128
25128
25106
24835
24464
24410
24075
23797
23775
23774
23699
23655
23654
23435
23439
23383
23291
23268
23063
23064
23021
22951
22924
22923
22700
22590
22587
22579
22562
22541
22401
22402
22396
22261
22175
22167
22134
22133
22133
22134
22201
22220
22415
22629
22653
22712
22755
22750
22909
22911
22947
23087
23117
23192
23012
22975
22970
22943
22884
22882
22836
22544
22543
22524
22227
22212
22212
21929
21852
21839
21718
21410
21390
21090
21065
20696
20660
20660
20434
20410
20111
20089
20089
19791
19777
19478
19466
19167
19163
18564
18555
17955
17951
17653
17640
17341
17327
17029
17029
17007
16708
16684
16458
16458
16419
16049
16031
15732
15706
15395
15214
15200
15169
14893
14874
14873
14660
14660
14640
14260
14117
14099
13990
13702
13703
13691
13520
13498
13497
13370
13348
13062
12905
12883
12751
12546
12533
12446
12436
12431
12320
12306
12123
12065
12056
11996
11894
11888
11788
11791
11778
11689
11646
11642
11638
11637
11606
11604
11603
11577
11581
11573
11556
11554
11554
11549
11549
11557
11558
11559
11577
11585
11581
11607
11609
11638
11712
11785
11820
12005
12163
12431
12435
12540
12551
12745
12748
12976
13048
13054
13346
13399
13399
13625
13631
13782
13792
13936
13945
14213
14218
14283
14317
14331
14366
14658
14658
14683
14885
14905
14995
15057
15055
15357
15373
15373
15646
15689
15712
15821
15828
16205
16219
16431
16438
16736
16749
16904
16912
17052
17062
17363
17363
17658
17960
18105
18259
18259
18834
18717
18668
18392
18230
18225
18101
18082
18078
18029
18012
18011
18012
17897
17869
17755
17758
17743
17697
17698
17683
17557
17555
17437
17368
17360
17334
17334
17401
17421
17622
17838
17864
17862
17926
17930
17959
18158
18194
18193
18282
18330
18328
18553
18586
18584
18648
18704
18699
18983
19258
19295
19560
19838
19842
20220
20237
20458
20466
20765
20769
21069
21073
21353
21626
21668
21966
22238
22588
22606
22838
23051
23079
23276
23558
23555
23648
23687
23711
23962
24072
24084
24163
24311
24313
24449
24544
24554
24584
24584
24519
24500
24305
24089
24062
24063
24004
24001
23999
23978
23788
23787
23773
23742
23741
23707
23365
23328
23311
23268
23060
23069
23253
23539
23551
23552
23846
23843
23917
24001
24000
24029
24241
24240
24262
24562
24652
24668
24793
25078
25139
25141
25179
25177
25223
25471
25582
25595
25650
25809
25816
25948
25955
25957
25972
25992
25991
26018
26172
26175
26176
26260
26262
26300
26303
26380
26383
26495
26495
26600
26653
26310
26317
26334
26335
26335
26334
26329
26327
26314
26254
26252
26186
26184
26115
26112
26042
26040
26009
26002
26004
25959
25957
25897
25896
25788
25787
25705
25627
25609
25506
25263
25259
25202
25165
25164
25154
24874
24838
24820
24709
24411
24396
24397
24208
24188
24080
24059
24060
23760
23747
23615
23614
23590
23426
23415
23115
23108
22872
22845
22840
22821
22762
22761
22726
22434
22434
22419
22122
22112
22112
21829
21774
21761
21674
21366
21352
21052
21034
20665
20638
20638
20412
20395
20096
20079
20079
19781
19772
19473
19464
19165
19162
18563
18556
17956
17953
17655
17645
17346
17337
17039
17039
17022
16723
16706
16480
16480
16451
16081
16068
15769
15750
15439
15311
15297
15274
14998
14983
14983
14774
14756
14376
14274
14256
14178
13890
13891
13882
13711
13695
13693
13566
13551
13265
13152
13130
13036
12831
12822
12735
12729
12727
12724
12613
12603
12420
12378
12369
12326
12224
12220
12120
12122
12112
12023
11992
11988
11985
11984
11953
11952
11951
11925
11928
11922
11905
11904
11904
11899
11899
11907
11908
11909
11927
11932
11929
11955
11957
11986
12091
12126
12371
12639
12642
12747
12754
12948
12951
13178
13251
13255
13556
13589
13834
13839
13992
13998
14142
14148
14416
14419
14467
14501
14516
14538
14830
14848
15050
15065
15155
15201
15199
15501
15513
15512
15785
15816
15839
15918
15925
16302
16309
16525
16529
16827
16838
16993
16999
17136
17146
17447
17744
17747
18045
18192
18192
18339
18938
19236
19329
19519
19902
19914
19942
19216
18939
18890
18692
18530
18527
18403
18391
18387
18338
18325
18324
18198
18200
18185
18071
18073
18062
18016
18005
17879
17878
17760
17711
17703
17684
17684
17732
17752
17896
18112
18131
18130
18194
18197
18218
18417
18444
18443
18532
18567
18566
18791
18817
18815
18879
18920
18917
19201
19397
19434
19623
19901
19904
20282
20295
20295
20516
20521
20820
20824
21124
21126
21406
21601
21643
21856
22134
22480
22496
22725
22877
22905
23046
23328
23326
23394
23418
23421
23451
23702
23781
23793
23849
23997
23999
24135
24202
24212
24234
24234
24188
24169
24029
23813
23793
23794
23735
23733
23716
23526
23515
23484
23481
23459
23117
23085
23075
23036
22826
22799
22799
22719
22718
22697
22413
22277
22242
22062
22018
22125
22125
22164
22531
22541
22832
22960
22984
23115
23401
23412
23412
23706
23704
23758
23842
23841
23862
24074
24073
24089
24389
24454
24470
24559
24844
24889
24891
24929
24927
24961
25209
25289
25302
25341
25500
25505
25637
25644
25654
25664
25666
25694
25848
25850
25934
25936
25974
25976
26053
26055
26167
26167
26272
26310
25967
25974
25984
25985
25985
25984
25981
25979
25971
25911
25910
25844
25843
25774
25772
25702
25701
25670
25664
25666
25622
25620
25561
25560
25451
25450
25368
25322
25304
25242
24999
24997
24962
24925
24917
24637
24636
24614
24596
24529
24231
24221
24222
24033
24021
23913
23899
23900
23600
23592
23460
23444
23280
23273
22973
22968
22731
22715
22710
22698
22639
22638
22617
22325
22325
22315
22018
22011
22011
21728
21695
21682
21630
21322
21313
21013
21003
20634
20616
20616
20390
20380
20380
20081
20070
19772
19766
19467
19462
19163
19161
18562
18557
17957
17955
17657
17651
17352
17346
17048
17037
16738
16738
16728
16502
16483
16113
16105
15806
15795
15484
15407
15379
15103
15094
15094
14882
14872
14492
14430
14412
14365
14077
14078
14072
13901
13891
13890
13763
13753
13467
13400
13378
13321
13116
13111
13024
13016
12905
12899
12716
12691
12682
12656
12554
12552
12452
12453
12446
12357
12339
12335
12333
12332
12301
12300
12274
12276
12272
12255
12254
12254
12249
12249
12257
12258
12276
12280
12278
12304
12305
12334
12397
12432
12579
12847
12849
12954
12958
13152
13154
13382
13455
13457
13754
13754
13807
14044
14046
14202
14203
14205
14349
14352
14620
14625
14651
14685
14691
14696
14709
15001
15013
15215
15224
15314
15343
15342
15644
15652
15925
15944
15967
16014
16021
16398
16404
16618
16621
16919
16929
17083
17086
17226
17226
17231
17530
17830
17832
18132
18277
18431
19025
19325
19412
19615
19998
20005
20157
20175
20487
20494
20552
20576
20614
20908
20918
21284
21310
21310
21539
21566
21855
21880
22094
22134
22501
22507
22798
22875
22899
22978
23264
23271
23271
23565
23564
23598
23682
23681
23695
23907
23906
23917
24217
24255
24271
24325
24610
24640
24678
24677
24699
24947
24995
25008
25032
25191
25194
25326
25331
25337
25351
25353
25370
25524
25526
25608
25609
25647
25649
25726
25727
25839
25839
25944
25967
25624
25631
25634
25635
25635
25634
25633
25631
25628
25568
25568
25502
25502
25433
25430
25362
25361
25330
25327
25328
25285
25283
25223
25223
25115
25114
25032
25017
24999
24978
24735
24734
24721
24691
24680
24400
24372
24350
24052
24047
24047
23858
23853
23745
23740
23740
23440
23437
23305
23299
23137
23131
22831
22823
22590
22580
22576
22517
22508
22216
22210
21913
21910
21910
21627
21616
21603
21586
21278
21275
20975
20972
20603
20595
20595
20369
20365
20066
20061
19763
19760
19461
19459
19160
18561
18559
17959
17958
17660
17657
17358
17355
17057
17052
16753
16749
16523
16523
16515
16145
16142
15843
15840
15529
15503
15489
15484
15208
15205
14992
14987
14607
14587
14569
14553
14265
14263
14092
14086
13959
13956
13670
13647
13625
13606
13401
13400
13313
13311
13309
13309
13198
13196
13013
13004
12995
12987
12885
12884
12784
12780
12691
12685
12681
12679
12649
12648
12648
12623
12621
12604
12604
12599
12599
12607
12607
12625
12627
12653
12653
12682
12703
12738
12787
13055
13160
13162
13356
13584
13657
13658
13959
14011
14253
14254
14410
14411
14555
14556
14824
14825
14835
14869
14871
14876
14880
15172
15178
15380
15383
15473
15486
15788
15796
16065
16071
16094
16110
16117
16494
16496
16712
17010
17024
17172
17173
17312
17316
17617
17917
18217
18364
18518
19115
19414
19511
19711
20094
20097
20259
20262
20587
20590
20609
20633
20649
20943
20947
21313
21324
21324
21553
21564
21854
21865
22095
22095
22105
22472
22474
22765
22790
22814
22841
23127
23134
23422
23439
23523
23523
23528
23740
23740
23744
24044
24057
24073
24091
24376
24389
24416
24438
24686
24702
24715
24723
24882
24883
25015
25020
25038
25040
25045
25199
25199
25283
25283
25321
25322
25399
25399
25511
25616
25624
27467
27560
27843
27890
27892
27913
27950
28193
28350
28373
28434
28448
28448
28449
28459
28459
28460
28460
28451
28450
28434
28418
28413
28390
28302
28295
28297
28197
28192
28092
28043
28028
27926
27693
27692
27664
27607
27577
27574
27571
27342
27310
27311
27254
27216
26939
26711
26654
26366
26097
26080
26080
25781
25438
25138
25138
25121
24850
24585
24531
24292
24014
23997
23997
23922
23890
23671
23674
23632
23540
23523
23318
23323
23288
23218
23198
23197
22974
22893
22891
22883
22856
22716
22712
22577
22515
22507
22484
22483
22483
22484
22532
22551
22690
22904
22922
22981
23012
23009
23136
23195
23335
23339
23357
23572
23615
23613
23691
23693
23714
23999
24058
24076
24178
24478
24485
24768
24939
24972
25162
25443
25451
25749
25769
26067
26075
26354
26538
26572
26756
27043
27336
27445
27467
27270
27325
27608
27640
27641
27669
27668
27687
27930
28025
28048
28084
28098
28098
28099
28109
28109
28110
28110
28101
28100
28084
28075
28070
28056
27968
27962
27964
27864
27862
27762
27732
27717
27656
27423
27404
27347
27329
27326
27325
27096
27075
27018
27017
26994
26717
26580
26523
26350
26081
26071
26071
25772
25447
25147
25147
25137
24866
24707
24653
24509
24231
24220
24220
24145
24125
23906
23908
23881
23789
23779
23574
23576
23554
23484
23471
23470
23247
23188
23181
23171
23031
23028
22893
22856
22848
22834
22833
22833
22834
22863
22882
22965
23179
23191
23250
23270
23268
23427
23443
23583
23585
23598
23813
23840
23839
23917
23918
23932
24217
24252
24270
24331
24627
24636
24919
25021
25054
25169
25450
25455
25753
25765
26063
26068
26347
26458
26492
26602
26889
27182
27248
27270
27073
27091
27374
27389
27415
27418
27425
27668
27700
27723
27735
27749
27749
27759
27759
27760
27760
27751
27751
27735
27732
27727
27722
27634
27632
27532
27531
27431
27421
27406
27386
27153
27145
27088
27082
27079
26850
26835
26830
26788
26785
26772
26495
26449
26392
26335
26066
26062
25763
25456
25156
25152
24881
24828
24774
24726
24448
24443
24368
24356
24141
24142
24130
24038
24034
23829
23830
23820
23750
23737
23736
23521
23501
23494
23491
23486
23346
23344
23209
23197
23189
23184
23183
23183
23184
23194
23213
23240
23454
23455
23460
23519
23527
23686
23687
23692
23832
23838
24053
24065
24143
24149
24434
24446
24464
24484
24784
24787
25070
25104
25137
25175
25456
25458
25756
25762
26060
26062
26341
26378
26412
26449
26736
27029
27051
27073
18077
18091
18195
18341
18342
18480
18625
18633
18684
18685
18685
18684
18643
18534
18508
18321
18107
17847
17586
17562
17310
17008
16723
16328
16295
15895
15612
15576
15279
15239
14942
14910
14608
14544
14523
14471
14359
14340
14341
14197
13918
13918
13901
13602
13603
13563
13268
13266
12987
12491
12451
12074
11828
11582
11345
11320
11251
11261
11302
11362
11363
11437
11440
11516
11518
11589
11730
11750
12027
12277
12284
12333
12391
12417
12420
12473
12758
12958
12980
13210
13505
13518
13804
14191
14224
14644
14925
14947
15245
15273
15570
15610
15876
16264
16535
16593
16940
17147
17417
17412
17557
17594
17593
17619
17872
18077
17782
17796
17880
18026
18028
18166
18284
18292
18334
18335
18335
18334
18293
18211
18185
18012
17857
17597
17383
17359
17153
16853
16568
16245
16212
15886
15603
15573
15276
15242
14945
14919
14617
14413
14394
14395
14277
13998
13998
13984
13685
13686
13652
13357
13356
13077
12671
12631
12323
12077
11857
11681
11656
11597
11642
11702
11703
11777
11779
11854
11856
11927
12043
12063
12290
12540
12546
12580
12633
12659
12662
12707
12992
13155
13177
13365
13660
13671
13957
14274
14307
14650
14931
14949
15247
15271
15568
15600
15866
16217
16406
16464
16776
16917
17187
17183
17303
17340
17361
17614
17782
17486
17500
17566
17712
17713
17851
17943
17951
17984
17985
17985
17984
17943
17889
17863
17607
17347
17181
17157
16997
16699
16414
16163
16130
15876
15593
15569
15272
15246
14949
14929
14627
14468
14449
14450
14358
14079
14079
14067
13768
13769
13742
13447
13168
12851
12811
12571
12325
12135
12018
11993
11945
11981
12041
12042
12116
12118
12194
12195
12266
12356
12376
12553
12803
12807
12835
12876
12902
12904
12940
13225
13352
13374
13521
13816
13824
14110
14356
14389
14656
14937
14952
15250
15268
15565
15591
15857
16277
16335
16687
16957
16954
17049
17086
17103
17356
17486
17191
17205
17252
17398
17399
17537
17603
17611
17634
17635
17635
17634
17566
17540
17358
17098
16979
16955
16840
16550
16545
16260
16080
16047
15866
15583
15566
15269
15249
14952
14938
14636
14523
14504
14505
14439
14162
14150
13851
13851
13831
13536
13257
13031
12991
12820
12574
12418
12354
12329
12295
12321
12381
12382
12456
12457
12533
12534
12605
12669
12689
12815
13065
13068
13086
13119
13145
13146
13174
13459
13549
13571
13676
13971
13977
14263
14439
14472
14662
14943
14954
15252
15266
15563
15582
15848
16148
16206
16457
16727
16725
16795
16816
16819
16845
17098
17191
16896
16910
16938
17084
17222
17262
17270
17284
17285
17285
17284
17243
17217
17108
16848
16776
16752
16684
16394
16390
16105
15998
15965
15856
15573
15562
15265
15253
14956
14947
14645
14577
14558
14558
14519
14240
14233
13934
13921
13626
13347
13211
13171
13068
12822
12690
12665
12661
12721
12722
12796
12796
12872
12873
12944
12982
13002
13078
13328
13331
13361
13387
13407
13692
13746
13768
13831
14126
14130
14416
14521
14554
14669
14950
14956
15254
15264
15561
15573
15839
16019
16077
16228
16498
16497
16541
16573
16587
16840
16896
16601
16615
16624
16770
16908
16921
16929
16934
16935
16935
16934
16920
16894
16858
16598
16574
16550
16527
16237
16236
15951
15915
15882
15846
15563
15559
15262
15256
14959
14956
14654
14632
14613
14613
14600
14326
14316
14017
14010
13715
13436
13391
13351
13317
13071
13027
13002
13000
13060
13061
13135
13211
13212
13283
13295
13315
13341
13591
13592
13604
13621
13640
13925
13943
13965
13986
14281
14283
14569
14604
14637
14675
14956
14959
15257
15261
15558
15564
15830
15890
15948
15998
16262
16287
16321
16324
16329
16582
16601
23506
23478
23262
23256
23197
23191
23001
22997
22977
22962
22620
22608
22580
22572
22362
22351
22347
22273
22268
21984
21957
21922
21886
21521
21519
21302
21003
20995
20713
20686
20663
20648
20375
20342
20311
20289
19437
19381
19332
19293
19131
19130
19006
19004
19003
18954
18951
18950
18823
18816
18702
18699
18653
18650
18524
18406
18396
18388
18384
18384
18394
18414
18442
18658
18665
18729
18730
18735
18934
18951
19033
19053
19268
19276
19340
19351
19635
19675
19712
19749
20027
20405
20410
20410
20631
20632
20931
21231
21232
21512
21551
21593
21636
21914
22264
22269
22499
22530
22558
22586
22862
22887
22923
22926
22932
23183
23199
23211
23222
23370
23506
23520
23530
23534
23534
23525
23506
23837
23753
23537
23524
23525
23466
23464
23453
23263
23256
23232
23210
22868
22846
22823
22804
22594
22576
22496
22483
22199
22117
22082
21974
21609
21604
21388
21385
21086
21078
20796
20716
20693
20648
20375
20275
20244
20179
19327
19160
19111
18992
18830
18828
18704
18699
18695
18646
18638
18637
18512
18501
18387
18388
18380
18334
18328
18202
18201
18083
18053
18045
18034
18034
18063
18083
18169
18385
18398
18397
18461
18463
18476
18675
18696
18783
18806
18805
19030
19046
19045
19109
19136
19134
19418
19536
19573
19686
19964
19966
20344
20352
20573
20577
20876
20878
21178
21179
21459
21576
21618
21746
22022
22372
22383
22612
22703
22731
22816
23098
23097
23140
23170
23192
23443
23490
23502
23536
23684
23685
23821
23861
23871
23884
23884
23856
23837
49825
49844
49927
50087
50272
50485
50866
51005
51267
51606
51836
51833
51884
51910
51924
51925
52183
52224
52229
52251
52274
52280
52283
52302
52502
52511
52513
52522
52595
52594
52601
52718
52722
52894
52980
52992
53033
53054
53055
53070
53071
53071
53077
53077
53071
53070
53054
53053
53035
52976
52889
52838
52659
52503
51970
51776
51733
51535
51362
51101
50864
50743
50640
50484
50398
50384
50384
50323
50322
50187
50175
50152
50145
50142
50003
50002
50001
49892
49819
49825
50162
50170
50189
50262
50335
50520
50689
50876
51015
51216
51375
51605
51604
51636
51662
51673
51931
51955
51960
51974
51997
52003
52014
52214
52220
52222
52227
52300
52299
52304
52421
52424
52596
52647
52659
52684
52705
52706
52706
52720
52721
52721
52727
52727
52721
52720
52704
52704
52686
52598
52547
52346
51813
51697
51654
51535
51362
51162
50991
50888
50774
50734
50734
50631
50631
50496
50488
50465
50462
50459
50320
50319
50210
50162
50515
50534
50582
50767
50886
51025
51145
51375
51389
51415
51426
51678
51686
51696
51719
51720
51723
51727
51927
51931
51932
52003
52007
52124
52125
52297
52314
52326
52335
52356
52356
52371
52371
52377
52377
52371
52371
52355
52355
52337
52307
52256
52189
51656
51618
51575
51535
51362
51238
51135
51084
51084
50939
50804
50801
50778
50777
50776
50637
50637
50528
50515
47124
