-18122
-18115
-18106
-18084
-18066
-18010
-18019
-17993
-17939
-17906
-17719
-17453
-17265
-17258
-16870
-16407
-15910
-15769
-15767
-15678
-15534
-14919
-14224
-14210
-13458
-12643
-12571
-12592
-12786
-12900
-12934
-12934
-12894
-12774
-12575
-12569
-12598
-12792
-12906
-12941
-12942
-12942
-12941
-12896
-12772
-12568
-12413
-12405
-12077
-11673
-11194
-10913
-10779
-10655
-10504
-9898
-9222
-8672
-8659
-8182
-7946
-7622
-7627
-7572
-7363
-7151
-7152
-6979
-6802
-6720
-6643
-6595
-6602
-6484
-6477
-6069
-5905
-5727
-5590
-5361
-5195
-4843
-4708
-4703
-4425
-4229
-4227
-4147
-3621
-3523
-3519
-3262
-2987
-2927
-1924
-1715
-1517
-1496
-1488
-846
-585
-499
-432
-170
-170
2
310
1455
1547
1643
1839
1837
2017
2018
2681
2793
3252
3249
3550
3577
3860
5071
6849
6877
8143
9424
10947
11234
11549
11549
11845
12554
12627
12926
12926
13492
13790
13790
14249
14518
15810
17092
18361
19611
21285
21342
22528
23132
23516
23543
24787
26006
27315
27598
27746
27747
28047
29194
30265
30282
31348
31885
32165
32489
32494
32584
32894
33157
33267
33479
33480
33539
33559
33571
33684
33680
34016
34407
34408
34410
34427
34450
34552
34550
34881
35076
35315
35386
35543
35859
35861
35933
36094
36316
36541
37363
37374
38075
38624
38748
38841
38951
39098
39097
39172
39307
39829
40424
40432
40775
41040
41263
41291
41315
41346
41391
41396
41406
41408
41415
41414
41424
41426
41427
41427
41418
41419
41413
41411
41402
41396
41352
41322
41280
41250
41247
41234
41231
41048
40786
40551
40471
40470
40443
40356
40351
40272
40167
40156
39923
39834
39751
39676
39918
40573
41159
41833
41853
42265
42601
42859
43038
43132
43146
43156
43162
43172
43175
43377
43839
44226
44653
44724
44743
44797
44810
44862
44870
44935
44990
44997
45016
45079
45092
45159
45190
45227
45252
45280
45298
45314
45334
45340
45345
45348
45348
45342
45335
45326
45304
45286
45230
45239
45213
45154
45118
44928
44659
44452
44448
44261
44155
44041
44047
43962
43871
43771
43303
42761
42080
42063
41373
40617
39480
39228
39127
39107
38998
38543
38506
38501
38201
37622
37356
36362
35319
34230
33100
31933
30967
30905
29682
28436
27170
25889
24598
23324
23072
22230
21352
20117
18652
18628
17352
15973
15613
15097
15097
14871
14330
14319
14287
14190
14190
13901
13465
13461
12968
12670
12670
12608
12576
12514
12052
11825
11825
11304
10957
9669
8391
7130
5473
5423
4218
3044
1907
810
-390
-664
-757
-1010
-1080
-1460
-1641
-1644
-1859
-2028
-2059
-2144
-2216
-2223
-2342
-2925
-2927
-3109
-3305
-3917
-3923
-4104
-4182
-4193
-4209
-4246
-4249
-4339
-4643
-4802
-5532
-5949
-7055
-8118
-8863
-9138
-9310
-9313
-9374
-9575
-10115
-10456
-10482
-10491
-10720
-11047
-11050
-11052
-11169
-11560
-11562
-11623
-11624
-12015
-12251
-12489
-12853
-12859
-12863
-13043
-13294
-13508
-13641
-13650
-13651
-13665
-13664
-13758
-13914
-13920
-13913
-14354
-14734
-14895
-15131
-15137
-15249
-15369
-15409
-15410
-15408
-15472
-15481
-15526
-15710
-15825
-15889
-16017
-16019
-16063
-16074
-16080
-16147
-16141
-16164
-16291
-16411
-16873
-17228
-17234
-17551
-17791
-17904
-17938
-17987
-18014
-18000
-18067
-18085
-18109
-18118
-18124
-18128
-18128
